1.92308 0.049908
1.92308 0.049908
1.92308 0.0480595
1.92308 0.0480595
1.92308 0.0462111
1.92308 0.0443626
1.85185 0.0425142
1.85185 0.0406658
1.85185 0.0397415
1.85185 0.0378931
1.85185 0.0360446
1.85185 0.0341962
1.85185 0.0341962
1.78571 0.0351204
1.85185 0.0323478
1.78571 0.033272
1.78571 0.0351204
1.78571 0.0341962
1.78571 0.0341962
1.78571 0.0351204
1.78571 0.033272
1.78571 0.033272
1.72414 0.033272
1.72414 0.033272
1.72414 0.033272
1.72414 0.0341962
1.72414 0.0341962
1.72414 0.0343529
1.66667 0.0323478
1.72414 0.0323478
1.72414 0.0341962
1.72414 0.0341962
1.72414 0.0341962
1.66667 0.0351204
1.66667 0.0323478
1.66667 0.033272
1.66667 0.033272
1.66667 0.033272
1.66667 0.033272
1.6129 0.033272
1.6129 0.0323478
1.6129 0.033272
1.6129 0.0323478
1.6129 0.0323478
1.6129 0.0323478
1.6129 0.0323478
1.6129 0.0323478
1.5625 0.0329687
1.6129 0.0341962
1.6129 0.0360446
1.5625 0.0351204
1.5625 0.0323478
1.5625 0.0314235
1.5625 0.0314235
1.5625 0.0314235
1.51515 0.0323478
1.51515 0.0323478
1.51515 0.0331203
1.51515 0.033272
1.51515 0.033272
1.51515 0.033272
1.51515 0.033272
1.51515 0.0341962
1.51515 0.0341962
1.47059 0.0341962
1.47059 0.0360446
1.47059 0.033272
1.47059 0.033272
1.47059 0.033272
1.47059 0.033272
1.47059 0.033272
1.47059 0.0331156
1.47059 0.033272
1.47059 0.033272
1.47059 0.033272
1.47059 0.033272
1.47059 0.033272
1.42857 0.0331202
1.42857 0.0331202
1.42857 0.033272
1.42857 0.0341962
1.42857 0.0341962
1.42857 0.0341962
1.42857 0.0341962
1.42857 0.0341962
1.38889 0.0340443
1.38889 0.0340443
1.42857 0.0341962
1.38889 0.0351204
1.38889 0.0351204
1.38889 0.033272
1.38889 0.033272
1.38889 0.033272
1.38889 0.0331158
1.38889 0.0331158
1.38889 0.033272
1.38889 0.033272
1.38889 0.033272
1.38889 0.033272
1.38889 0.033272
1.35135 0.03312
1.35135 0.0340401
1.35135 0.0341962
1.35135 0.0341962
1.35135 0.0341962
1.35135 0.0341962
1.35135 0.0341962
1.35135 0.0341962
1.35135 0.0341962
1.35135 0.0341962
1.31579 0.0341962
1.31579 0.0343482
1.31579 0.0343482
1.35135 0.0341962
1.31579 0.0341962
1.35135 0.0341962
1.35135 0.0341962
1.31579 0.0340442
1.31579 0.0349643
1.31579 0.0331159
1.31579 0.033272
1.31579 0.033272
1.31579 0.033272
1.31579 0.033272
1.31579 0.033272
1.31579 0.033272
1.31579 0.033272
1.28205 0.03312
1.31579 0.033272
1.28205 0.0341962
1.28205 0.0318876
1.28205 0.0323478
1.28205 0.0323478
1.28205 0.0323478
1.28205 0.0323478
1.28205 0.033272
1.28205 0.0341962
1.28205 0.0341962
1.25 0.0340441
1.25 0.0340441
1.25 0.0323478
1.25 0.033272
1.25 0.033272
1.25 0.033428
1.25 0.033428
1.25 0.033116
1.25 0.033272
1.25 0.033272
1.25 0.033272
1.25 0.033272
1.25 0.033116
1.25 0.033116
1.25 0.033116
1.25 0.033272
1.25 0.033272
1.25 0.033272
1.25 0.033272
1.25 0.033272
1.25 0.033272
1.25 0.033272
1.21951 0.033736
1.25 0.033272
1.25 0.033272
1.21951 0.0331198
1.21951 0.0341962
1.21951 0.0340403
1.21951 0.0341962
1.21951 0.0341962
1.21951 0.0341962
1.21951 0.0341962
1.21951 0.0340403
1.21951 0.0341962
1.21951 0.0341962
1.21951 0.0341962
1.21951 0.0341962
1.21951 0.0341962
1.21951 0.0341962
1.21951 0.0341962
1.19048 0.034044
1.19048 0.034044
1.19048 0.0341962
1.19048 0.0341962
1.19048 0.0341962
1.19048 0.0341962
1.19048 0.0343484
1.19048 0.0343484
1.19048 0.0343484
1.19048 0.0343484
1.21951 0.0341962
1.19048 0.0351204
1.19048 0.0343484
1.21951 0.0341962
1.19048 0.034044
1.21951 0.0341962
1.19048 0.0331161
1.19048 0.0331161
1.19048 0.0331161
1.19048 0.033272
1.19048 0.033272
1.19048 0.033272
1.19048 0.033272
1.19048 0.033272
1.19048 0.033272
1.19048 0.033272
1.19048 0.033272
1.19048 0.033272
1.19048 0.033272
1.19048 0.033272
1.19048 0.033272
1.19048 0.0351204
1.19048 0.033272
1.19048 0.033272
1.21951 0.0323478
1.19048 0.0314235
1.21951 0.0304993
1.21951 0.0312714
1.25 0.0295751
1.25 0.0295751
1.25 0.0286509
1.28205 0.0286509
1.28205 0.0294231
1.31579 0.0277266
1.31579 0.0277266
1.35135 0.0286509
1.35135 0.0268024
1.35135 0.0268024
1.35135 0.0268024
1.38889 0.0258782
1.38889 0.0258782
1.38889 0.0258782
1.42857 0.0268024
1.42857 0.024954
1.38889 0.0248021
1.42857 0.0258782
1.42857 0.0247977
1.47059 0.0258782
1.47059 0.0258782
1.47059 0.0248022
1.47059 0.0240298
1.51515 0.0231055
1.51515 0.0231055
1.51515 0.0212571
1.51515 0.0212571
1.51515 0.0203329
1.51515 0.0201812
1.5625 0.0203329
1.5625 0.0184844
1.5625 0.0175602
1.5625 0.0164795
1.6129 0.0157118
1.6129 0.0157118
1.5625 0.0137117
1.6129 0.0138633
1.6129 0.0147875
1.6129 0.0147875
1.6129 0.0138633
1.66667 0.0147875
1.66667 0.0147875
1.66667 0.0129391
1.66667 0.0129391
1.66667 0.0120149
1.66667 0.0110907
1.72414 0.0101664
1.72414 0.0101664
1.72414 0.00831799
1.72414 0.00831799
1.72414 0.00831799
1.72414 0.00739377
1.72414 0.00646955
1.72414 0.00554533
1.72414 0.00554533
1.72414 0.00462111
1.72414 0.00369689
1.78571 0.00369689
1.78571 0.00184844
1.78571 0.00184844
1.78571 0.00184844
1.78571 0.00184844
1.78571 0.000924222
1.78571 -0.00015682
1.78571 -0.00015682
1.85185 -0.000924222
1.85185 -0.000924222
1.85185 -0.000924222
1.78571 -0.00184844
1.85185 -0.00277266
1.85185 -0.00277266
1.85185 -0.0029296
1.85185 -0.00384801
1.85185 -0.00446418
1.85185 -0.00446418
1.85185 -0.00462111
1.85185 -0.00462111
1.85185 -0.00554533
1.85185 -0.00554533
1.85185 -0.00569645
1.85185 -0.00662648
1.85185 -0.0075449
1.92308 -0.00739377
1.92308 -0.00739377
1.92308 -0.00924222
1.92308 -0.00924222
1.92308 -0.00924222
1.92308 -0.00924222
1.92308 -0.0101664
1.92308 -0.0110907
1.92308 -0.0120149
1.92308 -0.0121659
1.92308 -0.0129391
1.92308 -0.0129391
2 -0.0138633
2 -0.0138633
2 -0.0138633
2 -0.0138633
2 -0.0138633
2 -0.0138633
2 -0.0157118
2 -0.0157118
1.92308 -0.0158628
2 -0.0175602
2 -0.0177174
2 -0.0167869
2 -0.0175602
2 -0.0194087
2 -0.0212571
2 -0.0231055
2 -0.024954
2 -0.0268024
2 -0.0295751
2 -0.0304993
2 -0.0323478
2 -0.033272
2 -0.0351204
2 -0.036818
2 -0.0377485
2 -0.0386664
2 -0.0395969
2.08333 -0.0397415
2.08333 -0.0397415
2.08333 -0.04159
2.08333 -0.04159
2.08333 -0.0425142
2.08333 -0.0425142
2.08333 -0.0425142
2.08333 -0.0414523
2.08333 -0.0414523
2.08333 -0.0414523
2.08333 -0.0405347
2.08333 -0.0396039
2.08333 -0.0386862
2.08333 -0.0368378
2.08333 -0.0359201
2.08333 -0.0340716
2.08333 -0.0340716
2.08333 -0.033154
2.08333 -0.0313055
2.08333 -0.0294571
2.08333 -0.0276086
2.08333 -0.0265747
2.08333 -0.0239249
2.08333 -0.021967
2.08333 -0.0201186
2.08333 -0.0168793
2.08333 -0.0146827
2.17391 -0.0138633
2.08333 -0.0100681
2.08333 -0.00730199
2.17391 -0.00554533
2.08333 -0.00175666
2.08333 0.00109836
2.17391 0.00462111
2.17391 0.00739377
2.08333 0.0121001
2.08333 0.0148662
2.17391 0.0175602
2.08333 0.0213292
2.17391 0.024954
2.08333 0.028723
2.08333 0.0333375
2.08333 0.0370344
2.08333 0.0388829
2.08333 0.041649
2.07327 0.0429194
2.17391 0.0462111
2.08333 0.048112
2.17391 0.049908
2.08333 0.0518088
2.11047 0.0538085
2.11058 0.056205
2.08333 0.0601682
2.07788 0.0620315
2.07081 0.0644501
2.06321 0.0669434
2.05514 0.0678966
2.04785 0.0704834
2.04008 0.0714718
2 0.0749518
2 0.0694065
1.98899 0.0627376
2 0.0712806
2 0.0740006
2 0.0767796
2 0.078628
2 0.0823249
2 0.0860343
2 0.0888133
2 0.0914979
1.92308 0.0943552
1.92308 0.0989823
1.92308 0.101761
1.92308 0.10454
1.92308 0.108237
1.92308 0.101773
1.92308 0.108368
1.92308 0.102823
1.92308 0.109305
1.92308 0.103759
1.92308 0.108368
1.92308 0.100974
1.92308 0.104552
1.92308 0.104552
1.92308 0.102703
1.92308 0.101773
1.92308 0.101773
1.92308 0.0999247
2 0.0994774
2 0.099343
2 0.0998159
2 0.0998159
2 0.0998159
2 0.0988917
2 0.098986
2 0.098986
2 0.098986
2 0.0989734
1.92308 0.0990519
2 0.0989734
2 0.0998914
2 0.0998914
2 0.10174
2 0.10174
2 0.102658
1.92308 0.104573
2 0.106355
2 0.101727
2 0.105424
2 0.0980304
2 0.100797
2 0.101715
2.00295 0.10415
2 0.103563
2 0.105412
2 0.0998662
2.0044 0.0921319
2 0.105412
2 0.0989483
2 0.101237
1.92308 0.104491
1.92308 0.10634
1.92308 0.0998763
1.92308 0.101725
1.92308 0.103573
1.90563 0.107033
1.92308 0.0980279
1.92308 0.101725
1.92308 0.103573
1.92051 0.106535
1.92308 0.0989582
1.92308 0.104573
1.85185 0.107427
1.92308 0.0998884
1.85185 0.100033
1.92308 0.103585
1.89991 0.106109
1.85185 0.0962612
1.85185 0.101807
1.92308 0.105434
1.85185 0.100894
1.92308 0.106364
1.85185 0.108288
1.85185 0.108288
1.85185 0.108288
1.85185 0.108288
1.85185 0.108689
1.85185 0.109224
1.85185 0.109224
1.85185 0.109224
1.85185 0.109224
1.85185 0.11016
1.85185 0.11016
1.85185 0.11016
1.85185 0.11016
1.85185 0.11016
1.85185 0.11016
1.85185 0.11016
1.85185 0.11016
1.85185 0.11016
1.85185 0.11016
1.85185 0.11016
1.85185 0.109248
1.85185 0.109248
1.85185 0.109248
1.85185 0.109248
1.85185 0.109248
1.85185 0.108335
1.85185 0.108335
1.85185 0.108335
1.85185 0.108335
1.85185 0.106384
1.85185 0.106487
1.85185 0.106487
1.85185 0.106487
1.85185 0.105575
1.85185 0.105575
1.85185 0.104638
1.85185 0.114817
1.85185 0.112968
1.85185 0.11112
1.85185 0.110184
1.85185 0.108335
1.85185 0.106487
1.92308 0.10454
1.92308 0.109155
1.92308 0.10647
1.92308 0.104622
1.92308 0.111921
1.92308 0.109143
1.92308 0.108225
1.92308 0.107294
1.92308 0.107294
1.92308 0.107294
1.92308 0.108225
1.92308 0.108225
1.92308 0.108319
1.92308 0.108319
1.92308 0.108319
1.92308 0.108225
1.92308 0.108319
1.92308 0.107407
1.92308 0.107407
1.92308 0.107306
1.92308 0.107407
1.92308 0.107407
1.92308 0.107306
1.92308 0.106495
1.92308 0.105458
1.92308 0.105558
1.92308 0.10371
1.92308 0.112952
1.92308 0.108319
1.92308 0.106376
1.92308 0.105446
1.92308 0.103597
1.92308 0.111909
1.92308 0.110061
1.92308 0.110061
1.92308 0.109131
1.92308 0.107282
1.92308 0.107282
1.92308 0.106352
2 0.106355
1.92308 0.10727
2 0.107273
1.92308 0.109119
1.92308 0.109181
2 0.109982
1.92308 0.111885
1.92308 0.110037
1.92659 0.109584
1.92064 0.110393
1.91459 0.11086
1.90893 0.111156
1.9033 0.110923
1.89783 0.110886
1.89235 0.110119
1.92308 0.111861
1.92361 0.113481
1.92119 0.112898
1.92196 0.114317
1.91999 0.113005
1.91843 0.112105
1.91887 0.11283
1.91718 0.111568
1.91876 0.113161
1.91853 0.112977
1.91858 0.113057
1.91857 0.112938
1.91997 0.113906
1.92032 0.113921
1.9197 0.113104
1.92072 0.11349
1.92199 0.113943
1.92407 0.114946
1.92474 0.114804
1.92745 0.116102
1.92991 0.117051
1.93246 0.11801
1.93438 0.118428
1.93615 0.118666
1.93731 0.118401
1.94148 0.120062
1.94224 0.11935
1.94293 0.118597
1.78571 0.139585
1.78037 0.141886
1.78038 0.142925
1.77933 0.133733
1.72414 0.141483
1.78571 0.132203
1.72414 0.132241
1.78571 0.134051
1.72414 0.135938
1.72414 0.137786
1.72414 0.138768
1.71737 0.140173
1.71052 0.142882
1.72414 0.13596
1.72414 0.136873
1.72414 0.137808
1.72414 0.139656
1.72414 0.131792
1.72414 0.137808
1.72302 0.140216
1.78571 0.140538
1.72414 0.135046
1.72414 0.140536
1.72414 0.135046
1.72487 0.129351
1.72414 0.134133
1.72414 0.139678
1.72414 0.13322
1.72414 0.140614
1.66667 0.135131
1.72414 0.141527
1.72414 0.136895
1.72414 0.14244
1.72414 0.136895
1.72414 0.144289
1.72414 0.141505
1.72806 0.140584
1.72414 0.148899
1.72382 0.157948
1.72414 0.143331
1.72414 0.141483
1.72673 0.140571
1.72725 0.137425
1.72786 0.134377
1.72575 0.144157
1.72709 0.140048
1.72867 0.137675
1.72949 0.134518
1.73062 0.131602
1.73177 0.128646
1.73369 0.126304
1.73341 0.136718
1.73534 0.131105
1.73707 0.128416
1.73897 0.125773
1.74096 0.123156
1.7421 0.119817
1.74341 0.11657
1.74318 0.126534
1.74486 0.121467
1.74596 0.117923
1.74778 0.114844
1.74905 0.111319
1.75133 0.108493
1.75082 0.117741
1.75293 0.111583
1.75457 0.108171
1.75583 0.104458
1.75314 0.112111
1.75603 0.108005
1.75725 0.104129
1.75899 0.100589
1.75974 0.110769
1.76081 0.105159
1.76308 0.101847
1.76397 0.0976109
1.7672 0.0947898
1.76796 0.103503
1.77056 0.0938753
1.77027 0.0889007
1.76978 0.0969377
1.77201 0.0953506
1.77133 0.0900652
1.51515 0.139644
1.47059 0.130472
1.47059 0.125806
1.47059 0.123976
1.47059 0.123542
1.42857 0.124551
1.42857 0.125942
1.42857 0.126791
1.42857 0.127724
1.42857 0.129572
1.42857 0.130605
1.42857 0.131515
1.47059 0.13236
1.47059 0.134208
1.47059 0.134208
1.47059 0.134208
1.47059 0.133275
1.51515 0.131875
1.51515 0.131432
1.51515 0.130498
1.51515 0.129564
1.51515 0.12863
1.51515 0.12863
1.51515 0.127697
1.51515 0.127697
1.5625 0.127249
1.5625 0.126767
1.5625 0.126767
1.5625 0.126748
1.5625 0.126748
1.5625 0.126748
1.5625 0.126815
1.6129 0.127666
1.6129 0.127666
1.6129 0.12858
1.6129 0.12858
1.6129 0.130428
1.6129 0.132277
1.6129 0.133211
1.6129 0.13506
1.6129 0.136908
1.6129 0.138756
1.6129 0.139691
1.6129 0.132297
1.6129 0.134146
1.6129 0.134628
1.6129 0.135994
1.6129 0.137843
1.6129 0.138777
1.6129 0.140625
1.6129 0.131383
1.6129 0.136015
1.6129 0.137863
1.6129 0.137863
1.6129 0.139711
1.6129 0.130469
1.6129 0.136949
1.6129 0.137863
1.6129 0.138798
1.6129 0.140646
1.6129 0.134628
1.6129 0.139732
1.6129 0.134187
1.6129 0.139732
1.66667 0.132699
1.6129 0.13697
1.6129 0.13697
1.6129 0.137884
1.6129 0.138818
1.6129 0.138915
1.6129 0.140667
1.6129 0.13337
1.6129 0.138818
1.6129 0.138818
1.6129 0.139753
1.6129 0.133273
1.6129 0.137904
1.66667 0.138727
1.66667 0.139657
1.66667 0.132263
1.66667 0.137808
1.66667 0.137808
1.66667 0.138846
1.66667 0.138738
1.66667 0.138738
1.66667 0.138846
1.66667 0.138846
1.66667 0.138846
1.66667 0.138846
1.66667 0.137932
1.72414 0.137823
1.72414 0.138741
1.72414 0.137823
1.72414 0.137823
1.72414 0.137823
1.72414 0.137823
1.72414 0.137823
1.72414 0.137823
1.72414 0.136533
1.72414 0.136092
1.72414 0.136092
1.78571 0.135978
1.78571 0.135978
1.78571 0.136908
1.72414 0.135626
1.72414 0.134243
1.72414 0.134243
1.72414 0.13333
1.72414 0.132395
1.78571 0.131363
1.72414 0.129633
1.78571 0.130433
1.78571 0.129514
1.78571 0.127666
1.78571 0.127794
1.78571 0.125945
1.78571 0.125945
1.78571 0.123969
1.78571 0.123969
1.78571 0.12212
1.78571 0.120272
1.78571 0.120272
1.85185 0.1183
1.85185 0.117829
1.85185 0.116452
1.85185 0.115528
1.85185 0.114603
1.78571 0.113006
1.85185 0.111034
1.85185 0.110116
1.85185 0.109186
1.85185 0.107338
1.85185 0.105489
1.85185 0.103641
1.85185 0.111965
1.92308 0.10721
1.92308 0.105361
1.92308 0.102589
1.92308 0.109982
1.85185 0.104571
1.85185 0.111965
1.85185 0.105489
1.85185 0.103641
1.85185 0.110255
1.85185 0.106558
1.85185 0.105622
1.85185 0.103773
1.85185 0.112103
1.92308 0.108273
1.92308 0.104576
1.92308 0.111831
1.92308 0.108273
1.92308 0.106424
1.92308 0.104576
1.92308 0.113359
1.92308 0.108273
1.92308 0.106424
1.92308 0.103646
1.92308 0.11197
1.92308 0.110121
1.92308 0.108273
1.92308 0.105632
2 0.104437
1.92308 0.108417
1.92308 0.100879
2 0.102589
2 0.102733
2 0.102589
2 0.102733
1.92308 0.101024
2 0.100885
2 0.0988917
2 0.0970433
2 0.0970433
2 0.0951948
2 0.0953394
2 0.0951948
2 0.0933464
2 0.0933464
2.08333 0.0914979
2 0.093491
2 0.0933464
2 0.0916425
2 0.0897941
2 0.0888636
2 0.0879457
2 0.0860972
2 0.0860972
2 0.0851667
2 0.0842488
2 0.0824003
2 0.0814698
2 0.0805519
2 0.0787034
2 0.0777729
2.08333 0.0767104
2.08333 0.0748619
2.08333 0.0739377
2.08333 0.0730135
2.08333 0.0711651
2.08333 0.0702408
2.08333 0.0694674
2.08333 0.0768611
2.08333 0.0777788
2.08333 0.0768611
2.08333 0.0750127
2.08333 0.0731643
2.08333 0.0722335
2.08333 0.0711651
2.08333 0.0694674
2.08333 0.0768611
2.08333 0.0750127
2.08333 0.0731643
2.08333 0.0722335
2.08333 0.0703851
2.08333 0.0694674
2.08333 0.0768611
2.08333 0.0703851
2.08333 0.0685366
2.08333 0.0722335
2.17391 0.0637713
2.08333 0.0648397
2.08333 0.0648397
2.08333 0.0629913
2.08333 0.0611428
2.08333 0.057446
2.08333 0.0537491
2.08333 0.0500522
2.08333 0.0454245
2.08333 0.0398792
2 0.0352462
2 0.0316803
2 0.0270463
2 0.0250734
2 0.0222945
2 0.0196269
2 0.0176545
2 0.0158061
2 0.0148756
2 0.0149673
2 0.0158786
2 0.0181697
2 0.0204869
2 0.0241838
2.08333 0.0295751
2.08333 0.0351204
2.08333 0.0388173
2 0.0425896
2 0.0453686
2 0.0490655
2 0.0527624
2 0.0564593
2 0.0592382
2 0.0624846
2 0.0657015
2 0.0684804
2 0.0721773
2 0.066632
2 0.0739377
2 0.0694109
2 0.0748619
1.92308 0.0694072
1.92308 0.0740344
1.92308 0.0703375
1.92308 0.0703375
1.92308 0.0694193
1.85185 0.078784
1.85185 0.0760231
1.85185 0.0759024
1.85185 0.0777625
1.85185 0.0796109
1.85185 0.080541
1.85185 0.0822557
1.85185 0.0831799
1.85185 0.0831799
1.85185 0.0831799
1.85185 0.0831799
1.85185 0.0822557
1.85185 0.0822557
1.85185 0.0805526
1.92308 0.0794831
1.92308 0.0794831
1.85185 0.0787041
1.85185 0.0768557
1.85185 0.0759257
1.85185 0.0750073
1.85185 0.0733097
1.85185 0.0722288
1.85185 0.0713104
1.85185 0.0703803
1.92308 0.0685374
1.85185 0.0751582
1.92308 0.0722343
1.92308 0.0685374
1.92308 0.0759311
1.92308 0.0703858
1.92308 0.0685374
1.92308 0.0777796
1.92308 0.0740827
1.92308 0.0722343
1.92308 0.0703858
1.92308 0.0703858
2 0.0683924
2 0.0739377
2 0.0666949
2 0.0703917
2 0.0648464
2 0.0703917
2 0.0648464
2 0.0702408
2 0.0646955
2 0.0702408
2 0.0646955
2 0.0702408
1.92308 0.062992
2 0.066544
2 0.0693166
2 0.0683924
2 0.0693166
2 0.0683924
2 0.069172
2 0.069172
2 0.0693166
2 0.0694612
2 0.0694612
2 0.0703917
2 0.0639159
2 0.0713097
2 0.0657643
2 0.0694612
2 0.0694612
2 0.0694612
2 0.0694612
2 0.0694612
2 0.0694612
2.08333 0.0693166
2.08333 0.0702408
2.08333 0.0619228
2.08333 0.066544
2.08333 0.066544
2.08333 0.066544
2.08333 0.0657705
2.08333 0.0656197
2.08333 0.0656197
2.08333 0.0657705
2.08333 0.0657705
2.08333 0.0657705
2.08333 0.0657705
2.08333 0.0657705
2.08333 0.0648528
2.08333 0.063922
2.08333 0.0657705
2.08333 0.0648528
2.08333 0.063922
2.08333 0.063922
2.08333 0.063922
2.17391 0.0637713
2.08333 0.063922
2.08333 0.0620736
2.17391 0.0600744
2.17391 0.0600744
2.17391 0.058226
2.17391 0.058226
2.17391 0.058226
2.17391 0.058226
2.17391 0.058226
2.17391 0.0573017
2.17391 0.0563775
2.17391 0.0563775
2.17391 0.0563775
2.17391 0.0554533
2.17391 0.0545291
2.17391 0.0545291
2.17391 0.0545291
2.17391 0.0526806
2.17391 0.0526806
2.17391 0.0526806
2.08333 0.0546798
2.08333 0.0556106
2.08333 0.0563775
2.08333 0.0591502
2.08333 0.0609986
2.08333 0.0628471
2 0.0663931
2 0.0702408
2 0.0646955
2 0.0711651
2 0.0660784
2 0.0693166
2 0.0702408
2 0.0609986
2 0.0609986
2 0.0591502
2 0.0563775
2 0.0525486
2 0.0472673
2 0.0426525
2 0.0389556
2 0.0343282
2 0.031097
2 0.0294368
2 0.0266704
2 0.0238914
2 0.022043
2 0.0183461
2 0.0164977
2 0.0146492
2 0.0109523
2 0.0091039
2 0.00725546
2 0.00355857
2 0.00171013
2 -0.000138317
2 -0.0038352
2 -0.00568365
2 -0.00753209
2 -0.0102985
2 -0.0130774
2.08333 -0.0147875
2 -0.0176923
2.08333 -0.0221813
2.08333 -0.0295751
2.08333 -0.0304993
2.08333 -0.033272
2.08333 -0.0355789
2.08333 -0.0383514
2.08333 -0.0389615
2.08333 -0.0426584
2.08333 -0.0445068
2.08333 -0.0463553
2.08333 -0.0500522
2.08333 -0.0519006
2.08333 -0.0555975
2.08333 -0.0574459
2.08333 -0.0592944
2.08333 -0.0611428
2.08333 -0.0648397
2.08333 -0.0666881
2.08333 -0.0685366
2.08333 -0.070385
2.08333 -0.0592944
2.08333 -0.0592944
2.08333 -0.0611428
2.08333 -0.0648397
2.08333 -0.0666881
2.08333 -0.0685366
2.08333 -0.070385
2.08333 -0.0713158
2.08333 -0.0722335
2.08333 -0.0722335
2.08333 -0.0722335
2.08333 -0.0722335
2.08333 -0.0722335
2.08333 -0.0731643
2.17391 -0.0739377
2.17391 -0.0739377
2.17391 -0.0739377
2.17391 -0.0739377
2.17391 -0.0748619
2.17391 -0.0757862
2.17391 -0.0757862
2.17391 -0.0757862
2.17391 -0.0757862
2.17391 -0.0757862
2.17391 -0.0767104
2.17391 -0.0767104
2.17391 -0.0776346
2.17391 -0.0767104
2.17391 -0.0757862
2.08333 -0.0740819
2.08333 -0.0700967
2.08333 -0.067619
2.08333 -0.0666881
2.08333 -0.0639089
2.08333 -0.0611428
2.08333 -0.0583636
2.08333 -0.0546667
2 -0.0520131
2 -0.0473792
2 -0.0445937
2 -0.0408968
2 -0.0381113
2 -0.0353258
2 -0.0343887
2 -0.0334517
2 -0.0343631
2 -0.0362115
2 -0.0380599
2.00175 -0.0371663
2 -0.0454537
2 -0.0504578
2 -0.0555287
2 -0.0620046
2 -0.0675499
2 -0.0730952
2 -0.0758742
2 -0.0795711
2 -0.0832679
2 -0.0860343
2 -0.0897312
2 -0.0925102
2 -0.096207
2 -0.0999039
2 -0.103601
2 -0.107298
2 -0.100834
2 -0.108228
2 -0.102589
2 -0.108134
2 -0.103613
2 -0.111831
2 -0.108607
2 -0.109982
2 -0.110907
1.92308 -0.112852
2 -0.114231
1.92308 -0.1147
1.92308 -0.112952
2 -0.113679
1.92308 -0.113782
2 -0.115528
2 -0.117376
1.92308 -0.121176
2 -0.121073
1.92308 -0.123024
2 -0.121073
1.92308 -0.123024
1.92308 -0.124067
2 -0.127543
2 -0.128467
2 -0.129391
1.92308 -0.131348
2 -0.132164
1.92308 -0.134127
2 -0.134936
1.92308 -0.135975
1.92308 -0.136095
2 -0.137709
2 -0.139557
2 -0.141406
2 -0.134012
2 -0.137709
2 -0.139557
2 -0.140482
2 -0.130315
2 -0.132164
1.92308 -0.132398
2 -0.134012
2 -0.132164
2 -0.133088
2 -0.133088
2 -0.134936
2 -0.134936
1.92308 -0.135183
2 -0.136785
2 -0.139105
2 -0.140482
2 -0.132296
2 -0.138633
2 -0.139557
2 -0.140482
2 -0.131365
2 -0.135062
2 -0.135993
2 -0.136911
2 -0.137841
2 -0.13969
2 -0.131378
2 -0.136785
2 -0.139557
2 -0.141406
2 -0.134157
2 -0.137709
2 -0.139557
2 -0.140482
2 -0.131239
2 -0.134785
2 -0.136936
2 -0.136785
2 -0.136785
2 -0.136785
2 -0.137244
2 -0.136936
2 -0.137866
2 -0.137866
2 -0.136936
2 -0.136018
2 -0.136018
2.08333 -0.134936
2.08333 -0.133088
2 -0.132164
2.08333 -0.129391
2.08333 -0.127543
2.08333 -0.125694
2.08333 -0.123846
2.08333 -0.121997
2.08333 -0.120149
2.08333 -0.117842
2.08333 -0.115528
2.08333 -0.113528
2.17391 -0.109982
2.08333 -0.108914
2.08333 -0.108914
2.17391 -0.103513
2.17391 -0.10721
2.17391 -0.0979675
2.17391 -0.102589
2.17391 -0.10074
2.17391 -0.0988917
2.17391 -0.0970433
2.17391 -0.0951948
2.17391 -0.0922853
2.17391 -0.0904368
2.17391 -0.087671
2.17391 -0.0858225
2.17391 -0.0821256
2.17391 -0.0793598
2.17391 -0.0767104
2.08333 -0.0738197
2.17391 -0.0693166
2.17391 -0.0656197
2.17391 -0.0637713
2.17391 -0.0619228
2.17391 -0.0600744
2.17391 -0.0573017
2.17391 -0.0554533
2.17391 -0.0536049
2.17391 -0.0508322
2.17391 -0.0489837
2.17391 -0.0470326
2.17391 -0.0442668
2.17391 -0.04159
2.17391 -0.038279
2.17391 -0.0359556
2.17391 -0.0318168
2.17391 -0.0285619
2.17391 -0.0257961
2.17391 -0.0220992
2.17326 -0.0192432
2.17391 -0.0129391
2.17391 -0.00924222
2.17391 -0.00462111
2.17391 0
2.08333 0.00385763
2.17391 0.00831799
2.14256 0.0119556
2.17391 0.0157118
2.08333 0.0195828
2.17391 0.0240298
2.08333 0.0297626
2.08333 0.0342814
2.08333 0.0389091
2.08333 0.0334595
2.08333 0.0371564
2.08333 0.0399424
2.08333 0.042606
2.08333 0.0454878
2.08333 0.0481513
2.08333 0.0509305
2.08333 0.052779
2.08333 0.0555451
2.08333 0.0583243
2.08333 0.0611035
2.08333 0.0638696
2.08333 0.0666488
2.08333 0.0694149
2.08333 0.0721942
2.08333 0.0666488
2 0.0741431
2.08333 0.0712634
2 0.0704462
2.08333 0.0703457
2 0.0704462
2.08333 0.0720893
2 0.0713833
2.08333 0.0694281
2.08333 0.0749734
2 0.0713833
2.08333 0.0721942
2 0.0722947
2.08333 0.0711651
2.08333 0.0694281
2 0.0806255
2 0.0787771
2 0.0787771
2.08333 0.0786703
2 0.0806255
2.08333 0.0831799
2 0.0843224
2.08333 0.0842156
2.08333 0.0842156
2.08333 0.0832979
2.08333 0.0832979
2 0.0852594
2.08333 0.0846799
2.08333 0.0851464
2.08333 0.0869948
2 0.0880449
2.08333 0.0879256
2 0.0880449
2.08333 0.0842287
2.08333 0.0832979
2.08333 0.0842287
2.08333 0.0842287
2.08333 0.0842287
2.08333 0.0842287
2.08333 0.0851464
2.08333 0.0860772
2.08333 0.0860772
2.08333 0.0860772
2.08333 0.0860772
2.08333 0.0860772
2.08333 0.0860772
2.08333 0.0860772
2.08333 0.0860772
2.08333 0.0850284
2.08333 0.0851595
2.08333 0.0851595
2.08333 0.0851595
2.08333 0.0851595
2.08333 0.0851595
2.08333 0.0851595
2.08333 0.0851595
2.08333 0.0851595
2.08333 0.0851595
2.08333 0.0851595
2.08333 0.0851595
2.08333 0.0850284
2.08333 0.0851595
2.08333 0.0851595
2.08333 0.0851595
2.08333 0.0851595
2.08333 0.0842418
2.08333 0.083311
2.08333 0.083311
2.08333 0.083311
2.08333 0.0823934
2.08333 0.0823934
2.08333 0.0819349
2.08333 0.0805449
2.08333 0.0796142
2.08333 0.0777657
2.08333 0.0759173
2.08333 0.0740688
2.08333 0.0723572
2.17391 0.0711651
2.08333 0.0695711
2.17391 0.0757862
2.08333 0.079601
2.17391 0.0804073
2.17391 0.0804073
2.17391 0.0767104
2.17391 0.0767104
2.17391 0.0757862
2.17391 0.0757862
2.17391 0.0739377
2.17391 0.0739377
2.17391 0.0730135
2.17391 0.0730135
2.17391 0.0720893
2.17391 0.0720893
2.17391 0.0720893
2.17391 0.0720893
2.174 0.0715617
2.17391 0.0720893
2.17391 0.0720893
2.17391 0.0730135
2.17391 0.0730135
2.17391 0.0730135
2.17391 0.0739377
2.08333 0.074934
2.17391 0.0757862
2.08333 0.0767825
2.17391 0.0776346
2.08333 0.0804794
2.08333 0.0824031
2.08333 0.0860247
2.08333 0.0878731
2.08333 0.0897968
2.08333 0.0916453
2.08333 0.0934937
2.08333 0.0952669
2.08333 0.0961977
2.08333 0.0980462
2.08333 0.0998946
2 0.101818
2.08333 0.103591
2 0.103667
2.08333 0.102589
2 0.104604
2.08333 0.105361
2 0.100907
2.08333 0.108134
2 0.110149
2 0.111998
2 0.111086
2 0.111086
2 0.110149
2 0.109238
2 0.109238
2 0.109238
2 0.109238
2 0.109238
2 0.108326
2 0.108326
2 0.108326
2 0.108228
2 0.108228
2.08333 0.10721
2.08333 0.106285
2 0.105462
2 0.105462
2.08333 0.105361
2.08333 0.104437
2 0.113786
2 0.111007
2.08333 0.109058
2 0.109159
2 0.108352
2 0.108241
2 0.108241
2 0.10731
2 0.106392
2 0.104544
2 0.113786
2 0.110089
2 0.109171
2 0.10872
2 0.108241
2 0.107323
2 0.107323
2 0.105474
2 0.105474
2 0.103626
2 0.112868
2 0.11102
2 0.109171
2 0.108253
2 0.107323
2 0.106405
2 0.105474
2 0.104556
2 0.11195
2.08333 0.106737
2 0.104556
2 0.11195
2 0.11195
2.08333 0.109982
2.08333 0.109982
2.08333 0.108134
2.08333 0.10721
2.08333 0.106285
2.08333 0.104437
2 0.112881
2 0.108253
2.08333 0.108134
2.08333 0.106285
2 0.105487
2 0.103639
2 0.111032
2 0.105487
2 0.103639
2 0.111032
2 0.105487
2 0.104569
2 0.112881
2 0.107335
2 0.105487
2 0.103639
2 0.110114
2 0.103639
2 0.109184
2 0.102721
2 0.108266
2 0.100872
2 0.104707
2 0.104707
2 0.104707
2 0.104707
2 0.104707
2.08333 0.104575
2 0.102858
2.08333 0.100878
2.08333 0.0990294
2.08333 0.0990294
2.08333 0.0990294
2.08333 0.0990294
2.08333 0.0990294
2.08333 0.0971809
2.08333 0.0971809
2.08333 0.0971809
2.08333 0.0971809
2.08333 0.0971809
2.08333 0.0953325
2.08333 0.0953325
2.08333 0.0953325
2.08333 0.0951948
2.08333 0.0944148
2.08333 0.093484
2.08333 0.093484
2.08333 0.093484
2.08333 0.0924222
2.08333 0.0916356
2.08333 0.0916356
2.08333 0.0907179
2.08333 0.0897871
2.17391 0.0887253
2.08333 0.0879387
2.08333 0.0860902
2.08333 0.0842418
2.08333 0.0833242
2.08333 0.0823934
2.08333 0.0814757
2.17391 0.0813315
2.08333 0.0805449
2.08333 0.0796273
2.17391 0.0787026
2.17391 0.0767104
2.17391 0.0757862
2.17391 0.0748619
2.17391 0.0739377
2.17391 0.0720893
2.17391 0.0711651
2.17391 0.0703915
2.17391 0.0694604
2.17391 0.0785588
2.17391 0.0768542
2.17391 0.0759368
2.17391 0.0740883
2.17391 0.0731573
2.17391 0.0722399
2.17391 0.0703915
2.17391 0.0694604
2.17391 0.0777852
2.17391 0.0720893
2.17391 0.0713088
2.17391 0.0703915
2.08333 0.0685366
2.17391 0.0757862
2.17391 0.0785588
2.17391 0.0757862
2.17391 0.0750057
2.17391 0.0740883
2.17391 0.0720893
2.17391 0.0702408
2.17391 0.0693166
2.17391 0.0776346
2.17391 0.0720893
2.17391 0.0702408
2.17391 0.0693166
2.17391 0.0767104
2.17391 0.0702408
2.17391 0.0693166
2.17391 0.0776346
2.17391 0.0739377
2.17391 0.0720893
2.08333 0.0703851
2.17391 0.0711651
2.17391 0.0702408
2.17391 0.0683924
2.17391 0.0757862
2.17391 0.0683924
2.17391 0.0720893
2.17391 0.0645449
2.17391 0.0663933
2.17391 0.0663933
2.17391 0.0666946
2.17391 0.066544
2.17391 0.0663933
2.17391 0.0663933
2.17391 0.0663933
2.17391 0.066544
2.17391 0.0663933
2.17391 0.0663933
2.17391 0.066544
2.17391 0.066544
2.17391 0.066544
2.17391 0.066544
2.17391 0.066544
2.17391 0.066544
2.17391 0.066544
2.17391 0.0645449
2.17391 0.0626965
2.17391 0.0609986
2.17391 0.058226
2.17391 0.0545291
2.17391 0.0508322
2.17391 0.0471353
2.17391 0.04159
2.17391 0.0371058
2.17391 0.0334089
2.17391 0.0314235
2.08333 0.0306239
2.17391 0.0286509
2.08333 0.0296931
2.08333 0.0324592
2.08333 0.0352384
2.08333 0.0370868
2.08333 0.0390584
2.08333 0.0409068
2.08333 0.0426322
2.08333 0.0446037
2.08333 0.0464522
2.08333 0.0481775
2.08333 0.0501491
2.08333 0.0519975
2.08333 0.0538459
2.08333 0.0556944
2.08333 0.0575428
2.08333 0.0592682
2.08333 0.0611166
2.08333 0.0629651
2.08333 0.0648135
2.08333 0.0657443
2.08333 0.0677227
2.08333 0.0694412
2.08333 0.0712896
2.08333 0.063115
2.08333 0.0657443
2.08333 0.0675927
2.08333 0.0694412
2.08333 0.0712896
2.08333 0.0620474
2.08333 0.0668118
2.08333 0.0686603
2.08333 0.0703719
2.08333 0.063115
2.08333 0.0695711
2.08333 0.0705087
2.08333 0.0612665
2.08333 0.0621773
2.17391 0.0637713
2.08333 0.0668118
2.08333 0.0675927
2.17391 0.0702408
2.08333 0.0649634
2.08333 0.0648266
2.17391 0.066544
2.17391 0.0685293
2.17391 0.0702408
2.17391 0.0620666
2.08333 0.0668118
2.17391 0.066544
2.17391 0.0703778
2.17391 0.0628471
2.17391 0.0657635
2.17391 0.0666809
2.17391 0.0666809
2.17391 0.0656197
2.17391 0.0657498
2.17391 0.0657498
2.17391 0.0646955
2.17391 0.0656197
2.17391 0.0656197
2.17391 0.066544
2.17391 0.066544
2.17391 0.066544
2.17391 0.0674682
2.17391 0.0674682
2.17391 0.0683924
2.17391 0.0688429
2.17391 0.0702408
2.17391 0.0609986
2.17391 0.0637713
2.17391 0.0656197
2.17391 0.0666398
2.17391 0.0683924
2.17391 0.0702408
2.17391 0.0628471
2.17391 0.0675572
2.17391 0.0693166
2.17391 0.0720893
2.17391 0.0646955
2.17391 0.0693919
2.17391 0.0711651
2.17391 0.0656197
2.17391 0.0711651
2.17391 0.066544
2.17354 0.06022
2.17391 0.0656197
2.17391 0.0720893
2.17391 0.0674682
2.17391 0.0748619
2.08333 0.0712241
2.17391 0.0720893
2.14446 0.0719588
2.13836 0.0728016
2.13633 0.0738805
2.13517 0.0760991
2.17391 0.0786068
2.1766 0.0796767
2.18055 0.0811233
2.08333 0.0841711
2.07656 0.0853311
2.06178 0.0868384
2.0459 0.0876353
2.02805 0.0901963
2.01252 0.0914116
1.99609 0.0934173
1.98075 0.0948892
1.96327 0.0981097
1.94738 0.100427
1.93201 0.102563
1.91545 0.105864
1.89897 0.109363
1.88376 0.11213
1.87259 0.103984
1.85771 0.112049
1.84292 0.109502
1.82783 0.119518
1.81601 0.112897
1.80312 0.113387
1.78988 0.114457
1.77952 0.113107
1.76636 0.114578
1.75483 0.114806
1.74218 0.116286
1.73059 0.116992
1.71885 0.118083
1.70815 0.118349
1.69534 0.121125
1.68473 0.121803
1.67439 0.122423
1.66589 0.121194
1.65666 0.12104
1.85185 0.0693996
1.85185 0.0712174
1.85185 0.0739959
1.84708 0.0761412
1.78571 0.0851653
1.78571 0.0804801
1.78571 0.0814099
1.78571 0.0832584
1.78571 0.0860366
1.78571 0.0878851
1.78571 0.0897335
1.78571 0.091582
1.78571 0.0934304
1.78571 0.0934304
1.78571 0.0952788
1.78571 0.0961975
1.78571 0.0962788
1.78571 0.0971916
1.85185 0.0989673
1.78571 0.0999529
1.85185 0.101734
1.85185 0.102653
1.85185 0.104501
1.85185 0.106349
1.85185 0.0980256
1.85185 0.102653
1.85185 0.105419
1.85185 0.0971072
1.78571 0.102714
1.85185 0.104501
1.78571 0.106411
1.78571 0.0981044
1.78571 0.0999529
1.7724 0.100636
1.78571 0.105498
1.78571 0.0971916
1.78571 0.101732
1.78571 0.10451
1.78571 0.106358
1.78571 0.0981272
1.78571 0.102661
1.78571 0.10544
1.78571 0.0980459
1.78571 0.0999757
1.78571 0.101743
1.78571 0.104966
1.78571 0.0961975
1.78571 0.0990629
1.78571 0.100824
1.78571 0.102673
1.78571 0.104521
1.78571 0.107745
1.78571 0.0989757
1.78571 0.105451
1.78571 0.0989757
1.78571 0.105451
1.78571 0.0999056
1.78571 0.107392
1.78571 0.103602
1.78571 0.112845
1.78571 0.107299
1.78571 0.107299
1.78571 0.108229
1.78571 0.108229
1.78571 0.108229
1.78571 0.108229
1.78571 0.107415
1.78571 0.107415
1.78571 0.107415
1.85185 0.106862
1.78571 0.107415
1.78571 0.107415
1.85185 0.108233
1.85185 0.107314
1.85185 0.107314
1.85185 0.107314
1.85185 0.107314
1.85185 0.107314
1.85185 0.106396
1.85185 0.106396
1.85185 0.106396
1.85185 0.105466
1.85185 0.104547
1.85185 0.11472
1.85185 0.110093
1.85185 0.110093
1.85185 0.109174
1.85185 0.108244
1.85185 0.107772
1.85185 0.107326
1.85185 0.106396
1.85185 0.105478
1.85185 0.104547
1.85185 0.11472
1.85185 0.111023
1.85185 0.111023
1.92308 0.109058
1.85185 0.107447
1.92308 0.106285
1.92308 0.106285
1.85185 0.105478
1.85185 0.104686
1.85185 0.111023
1.85185 0.104686
1.85185 0.111144
1.85185 0.104686
1.85185 0.109295
1.85185 0.100989
1.85185 0.106534
1.92308 0.0988917
1.85185 0.102837
1.92308 0.104437
1.85185 0.104686
1.92308 0.104437
1.92308 0.102715
1.92308 0.102715
1.92308 0.103646
1.92308 0.104564
1.92308 0.104564
1.92308 0.103646
1.92308 0.103646
1.92308 0.104564
1.92308 0.104564
1.92308 0.103646
1.92308 0.103646
1.92308 0.103646
1.92308 0.103784
1.92308 0.103784
1.92308 0.103784
1.92308 0.103784
1.92308 0.103325
1.92308 0.102715
2 0.103513
1.92308 0.103646
2 0.103513
2 0.105361
2 0.0942706
2 0.0970433
2 0.0970433
2 0.096119
2 0.096119
2 0.096119
2 0.096119
2 0.0942706
2 0.0942706
2 0.0942706
2 0.0944089
2 0.0924222
2 0.0924222
2 0.0924222
2 0.0924222
2.08333 0.0905737
2 0.0905737
2 0.0888636
2 0.0870151
2.08333 0.0868768
2.08333 0.0850284
2 0.0823877
2 0.0805393
2 0.0786909
2 0.0768424
2 0.0740635
2.08333 0.0740688
2 0.0717567
2 0.0695605
2 0.0732574
2 0.0695605
2 0.0778657
2 0.0741688
2.08333 0.0731249
2.08333 0.0731249
2.08333 0.0731249
2.08333 0.0726673
2.08333 0.0721942
2.08333 0.0721942
2.08333 0.0703457
2.08333 0.0721942
2.08333 0.0721942
2 0.0741431
2.08333 0.0740426
2 0.0769286
2.08333 0.0777395
2.08333 0.0786703
2.08333 0.0795879
2 0.0806255
2.08333 0.0823672
2 0.0824739
2.08333 0.0823672
2.08333 0.086064
2 0.0861708
2.08333 0.0888433
2.08333 0.086064
2.08333 0.086064
2 0.0861708
2.08333 0.0842156
2.08333 0.0851333
2.08333 0.0868768
2.08333 0.0860509
2.08333 0.0860509
2.08333 0.0860509
2.08333 0.0860509
2.08333 0.0851202
2.08333 0.0860509
2.08333 0.0878994
2.08333 0.0878994
2 0.0898421
2.08333 0.0915963
2 0.0916905
2.08333 0.0914979
2 0.0907791
2 0.0916905
2 0.0926275
2 0.094476
2 0.094476
2 0.0963244
2 0.0963244
2 0.0981729
2 0.0991099
2 0.100021
2 0.100958
2 0.10187
2 0.102807
2 0.103718
2 0.104655
2 0.106504
2 0.095413
2 0.0991099
2 0.100047
2 0.100958
2 0.101895
2 0.102807
2 0.103744
2.08333 0.105361
2 0.0981985
2.08333 0.101664
2 0.105592
2 0.0981985
2.08333 0.0925401
2 0.0945017
2.08333 0.0953194
2.08333 0.0980855
2.08333 0.0980855
2 0.0991356
2.08333 0.0999339
2.08333 0.100865
2.08333 0.100865
2.08333 0.100865
2.08333 0.101782
2 0.102832
2.08333 0.102713
2.08333 0.102713
2.08333 0.100865
2.08333 0.101795
2.08333 0.102247
2.08333 0.102713
2.08333 0.101664
2.08333 0.101795
2.08333 0.102713
2.08333 0.102713
2.08333 0.102713
2.08333 0.102713
2.08333 0.101795
2.08333 0.101795
2.08333 0.101795
2.08333 0.101795
2.08333 0.101795
2.08333 0.101795
2.08333 0.101795
2.08333 0.101795
2.08333 0.101795
2.08333 0.101795
2.08333 0.101795
2.08333 0.101795
2.08333 0.101795
2.08333 0.101795
2.08333 0.102726
2.08333 0.103644
2.08333 0.104575
2.08333 0.106423
2.08333 0.0981117
2.08333 0.101809
2.08333 0.101809
2.08333 0.103657
2.08333 0.104588
2.08333 0.104588
2.08333 0.104588
2.08333 0.104588
2.08333 0.105519
2.08333 0.0962764
2.08333 0.0981248
2.08333 0.0981248
2.08333 0.0981248
2.08333 0.097194
2.17391 0.0951948
2.08333 0.0925795
2.17391 0.0896495
2.08333 0.0868768
2.08333 0.0813315
2.17391 0.0767104
2.17391 0.0730135
2.17391 0.0674682
2.17391 0.0711651
2.17391 0.0656197
2.17391 0.0711651
2.17391 0.0619228
2.17391 0.0619228
2.17391 0.0600744
2.17391 0.0583834
2.08333 0.057446
2.17391 0.0554533
2.17391 0.0528244
2.17391 0.051907
2.17391 0.049908
2.17391 0.0489837
2.17391 0.0471353
2.17391 0.0471353
2.17391 0.0462111
2.17391 0.0443626
2.17391 0.0443626
2.17391 0.0434384
2.17391 0.0435685
2.17391 0.04159
2.17391 0.0434384
2.17391 0.0434384
2.17391 0.0452869
2.17391 0.0471353
2.17391 0.049908
2.17391 0.052229
2.17391 0.0554533
2.17391 0.058226
2.17391 0.0600744
2.17391 0.0619228
2.08333 0.0648397
2.08333 0.0666882
2.17391 0.0683924
2.17391 0.0703915
2.17391 0.0656197
2.17391 0.068543
2.17391 0.0703915
2.17391 0.0628471
2.17391 0.0657772
2.17391 0.0674682
2.17391 0.0682418
2.17391 0.0691592
2.17391 0.0691592
2.17391 0.0710076
2.17391 0.0626965
2.17391 0.0637713
2.17391 0.0637713
2.17391 0.0637713
2.17391 0.0637713
2.17391 0.0637713
2.17391 0.0628471
2.17391 0.0628471
2.17391 0.0628471
2.17391 0.0609986
2.17391 0.0609986
2.17391 0.0591502
2.17391 0.0591502
2.17391 0.058226
2.17391 0.0563775
2.17391 0.0554533
2.17391 0.0534679
2.17391 0.0516195
2.17391 0.049771
2.17391 0.0479226
2.17391 0.0460741
2.17391 0.0442257
2.17391 0.0414599
2.17391 0.0396114
2.17391 0.0359146
2.17391 0.0331487
2.17391 0.0331487
2.17391 0.0313003
2.17391 0.0294519
2.17391 0.0285345
2.17391 0.0266861
2.17391 0.0248376
2.17391 0.0220718
2.17391 0.0202233
2.17391 0.0183749
2.17391 0.0156091
2.17391 0.0137606
2.17391 0.0118048
2.17391 0.00914638
2.17391 0.00719772
2.17391 0.00453212
2.17391 0.000742186
2.17391 -0.00110626
2.17391 -0.00480314
2.17391 -0.00756182
2.17391 -0.0112587
2.17391 -0.0140174
2.17391 -0.0177143
2.17391 -0.0214112
2.17391 -0.0250293
2.17391 -0.0287262
2.17391 -0.033412
2.17391 -0.0379684
2.27273 -0.0434384
2.17391 -0.0499901
2.17391 -0.0527696
2.17391 -0.0601634
2.17391 -0.0656197
2.17391 -0.0720893
2.08333 -0.0621238
2.17391 -0.0646955
2.17391 -0.0683924
2.17391 -0.0730135
2.08333 -0.0768218
2.08333 -0.0805187
2.08333 -0.083298
2.08333 -0.0852695
2.08333 -0.0871179
2.08333 -0.0869948
2.08333 -0.0879125
2.08333 -0.0889396
2.08333 -0.0897609
2.17391 -0.0905737
2.08333 -0.0906786
2.17391 -0.0914979
2.08333 -0.0897478
2.17391 -0.0924222
2.17391 -0.0933464
2.17391 -0.0942706
2.17391 -0.096119
2.08333 -0.0989769
2.17391 -0.0988917
2.08333 -0.102674
2.17391 -0.104437
2.17391 -0.108134
2.08333 -0.103605
2.08333 -0.111929
2.08333 -0.110183
2.08333 -0.112032
2.08333 -0.114708
2.08333 -0.116557
2.08333 -0.119336
2.08333 -0.121184
2.08333 -0.122921
2 -0.125014
2 -0.126862
2 -0.129648
2 -0.131496
2 -0.133345
2 -0.13613
2 -0.137067
2 -0.138916
2 -0.140764
2.08333 -0.133232
2 -0.135219
2.08333 -0.138633
2.08333 -0.140016
2.09266 -0.141077
2.11179 -0.130588
2.12801 -0.135767
2.1417 -0.136578
2.15478 -0.137236
2.16929 -0.138084
2.1867 -0.139365
2.19887 -0.139681
2.21348 -0.140354
2.22947 -0.141177
2.23882 -0.14088
2.25396 -0.141466
2.26736 -0.141684
2.28255 -0.142147
2.29995 -0.142861
2.31439 -0.143083
2.32889 -0.14327
2.34287 -0.143315
2.35976 -0.143703
2.36648 -0.159803
2.37479 -0.167816
2.38228 -0.175755
2.39194 -0.183982
2.39705 -0.206604
2.4103 -0.214072
2.41798 -0.233281
2.43217 -0.234344
2.43728 -0.242251
2.44269 -0.250189
2.45607 -0.259013
2.45351 -0.282254
2.45599 -0.29451
2.46797 -0.298773
2.49181 -0.2887
2.50389 -0.29742
2.50192 -0.315816
2.51787 -0.316293
2.52793 -0.322548
2 -0.261555
2 -0.27357
2 -0.274362
2 -0.272645
2 -0.274952
2 -0.275544
2 -0.276342
2 -0.278071
2 -0.279002
2 -0.279002
2 -0.28085
2 -0.281781
2 -0.281781
2 -0.282711
2 -0.282711
2 -0.283642
2 -0.283642
2 -0.283642
2 -0.282724
2 -0.279957
2 -0.278109
2 -0.274327
2 -0.272479
2 -0.269719
2 -0.26787
2 -0.266959
2 -0.26511
2 -0.263262
2.08333 -0.261555
2 -0.263334
2 -0.264252
2 -0.262872
2 -0.261473
2 -0.26063
2 -0.259706
1.92308 -0.258685
1.92308 -0.256825
1.92308 -0.255085
1.92308 -0.254046
1.92308 -0.251388
1.85185 -0.249412
1.85185 -0.247564
1.85185 -0.244785
1.85185 -0.242146
1.85185 -0.229207
1.85185 -0.222737
1.85185 -0.215344
1.85185 -0.208874
1.85185 -0.20148
1.78571 -0.195011
1.78571 -0.186693
1.85185 -0.180223
1.78571 -0.164511
1.78571 -0.153421
1.78571 -0.144335
1.78571 -0.135093
1.78571 -0.136942
1.78571 -0.132931
1.78571 -0.127543
1.78571 -0.123846
1.85185 -0.121073
1.78571 -0.120312
1.78571 -0.117527
1.85185 -0.115528
1.85185 -0.111831
1.85185 -0.109982
1.85185 -0.108134
1.85185 -0.104437
1.85185 -0.111831
1.85185 -0.108291
1.85185 -0.105512
1.85185 -0.103664
1.85185 -0.110139
1.92308 -0.10721
1.85185 -0.102589
1.85185 -0.108134
1.92308 -0.101664
1.92308 -0.105361
1.92308 -0.0981245
1.92308 -0.10274
1.92308 -0.101821
1.92308 -0.100891
2 -0.10074
1.92308 -0.0998159
2 -0.0988917
1.92308 -0.096119
1.92308 -0.096119
2 -0.0951948
2 -0.0970433
2 -0.0970433
2 -0.0988917
2 -0.0988917
2 -0.0987346
2 -0.0988917
2 -0.0981184
2 -0.0979675
2 -0.0970433
2 -0.096119
2 -0.0951948
2 -0.0933464
2 -0.0924222
2 -0.0914979
2 -0.0895049
2.08333 -0.0878011
2 -0.0867385
2 -0.0848901
2 -0.0830416
2 -0.0802752
2 -0.0784268
2.08333 -0.0765728
2.08333 -0.0720893
2.08333 -0.0702408
2.08333 -0.0664129
2.08333 -0.0654952
2.08333 -0.0645644
2.08333 -0.0636467
2.08333 -0.0617983
2.08333 -0.0599499
2.08333 -0.0590322
2.08333 -0.0571837
2.08333 -0.0544177
2.08333 -0.0525692
2.08333 -0.0507208
2.08333 -0.0480595
2.08333 -0.0461062
2.08333 -0.0433401
2.08333 -0.0414916
2.08333 -0.0387255
2.08333 -0.0358437
2.08333 -0.0330845
2.08333 -0.0293876
2.08333 -0.0266283
2.08333 -0.0238423
2.08333 -0.021083
2.08333 -0.0184058
2.08333 -0.0146268
2.08333 -0.0109299
2.08333 -0.00817065
2.08224 -0.00530916
2.08333 -0.000776879
2.08221 0.00202917
2.08374 0.00599219
2.08333 0.0102254
2.08333 0.0144052
2.08178 0.0173328
2.08333 0.0232261
2.08333 0.0278338
2.08304 0.0317025
2.08333 0.0360905
2.08551 0.0412922
2.08333 0.0323936
2.08198 0.0360167
2.08333 0.0416359
2.08147 0.0437625
2.0812 0.046638
2.07755 0.0477499
2.07898 0.0514105
2.07598 0.0527346
2.07443 0.0548899
2 0.067558
1.99041 0.0708129
2 0.0638612
2.08333 0.0693166
2 0.0749059
2.02428 0.080226
2 0.0730575
2 0.0693606
2 0.0758365
2 0.0730701
1.99501 0.0685313
2 0.0776849
1.92308 0.0804617
2 0.0804639
1.97511 0.0842195
1.92308 0.0878554
1.92308 0.0897039
1.92308 0.0924826
1.92308 0.094331
1.92308 0.0961795
1.92308 0.0989582
1.92308 0.101788
1.92308 0.104573
1.92308 0.106421
1.92308 0.0999392
1.85185 0.106416
1.85185 0.102719
1.85185 0.108264
1.85185 0.104567
1.85185 0.1092
1.92308 0.103585
1.85185 0.111049
1.85185 0.107352
1.85185 0.107352
1.85185 0.108288
1.85185 0.108288
1.84766 0.108405
1.85185 0.110136
1.85185 0.110136
1.85185 0.111072
1.85185 0.111072
1.85185 0.111072
1.85185 0.112453
1.85185 0.112921
1.85185 0.112009
1.85185 0.112921
1.85185 0.112921
1.85185 0.112921
1.85185 0.113857
1.85185 0.113857
1.85185 0.113857
1.85185 0.113857
1.85185 0.114793
1.85185 0.114793
1.85185 0.113857
1.85185 0.114793
1.85185 0.114793
1.85185 0.114793
1.85185 0.114793
1.85185 0.113881
1.85185 0.113881
1.85185 0.113881
1.85185 0.113881
1.85185 0.113881
1.85185 0.113881
1.85185 0.113881
1.85185 0.113881
1.85185 0.113881
1.85185 0.113881
1.85185 0.112968
1.85185 0.112968
1.85185 0.112968
1.85185 0.11112
1.85185 0.11112
1.85185 0.11112
1.85185 0.110208
1.85185 0.109271
1.92308 0.109058
1.85185 0.107423
1.92308 0.10547
1.85185 0.104662
1.92308 0.112864
1.85185 0.114817
1.85185 0.113904
1.92308 0.113794
1.85185 0.113904
1.92308 0.111946
1.92308 0.113794
1.92308 0.112876
1.92308 0.111946
1.92308 0.111027
1.92308 0.110097
1.92308 0.109179
1.92308 0.108249
1.92308 0.107331
1.92308 0.105608
1.92308 0.105482
1.92308 0.103634
1.92308 0.113001
1.92308 0.108393
1.92308 0.107456
1.92308 0.105608
1.92308 0.105482
1.92308 0.103634
1.92308 0.109179
1.92308 0.102715
1.92308 0.108261
1.92308 0.100867
1.92308 0.105482
2 0.0979675
1.92308 0.100867
1.92308 0.102847
2 0.103985
2 0.103513
2 0.104437
2 0.104437
2 0.104437
2 0.104437
2 0.104437
2 0.104437
2 0.104437
2 0.104437
2 0.104437
2 0.104437
2 0.104437
2 0.104437
2 0.103513
2 0.103513
1.92308 0.104696
2 0.104437
2 0.103651
2 0.103651
2 0.103651
2 0.103651
2 0.103651
2 0.103651
2 0.103651
2.08333 0.102589
2 0.103651
2 0.102721
2 0.101803
2 0.101803
2 0.101803
2 0.100872
2 0.0999542
2 0.0999542
2 0.0999542
2 0.0990237
2 0.0981058
2 0.0981058
2 0.0967095
2 0.0962574
2 0.0962574
2 0.0944089
2 0.094553
2 0.0925605
2 0.0925605
2.08333 0.0914979
2.08333 0.0907179
2.08333 0.0907179
2.08333 0.0907179
2.08333 0.0888695
2.08333 0.0888695
2.08333 0.0868768
2.08333 0.087021
2.08333 0.087021
2.08333 0.0851726
2.08333 0.0851726
2.08333 0.0833242
2.08333 0.0819275
2.08333 0.0814757
2.08333 0.0796273
2.08333 0.0796273
2.08333 0.0777788
2.08333 0.0777788
2.08333 0.0759304
2.08333 0.0740819
2.08333 0.0740819
2.08333 0.0722335
2.08333 0.0703851
2.08333 0.0685366
2.08333 0.0759304
2.08333 0.0676058
2.08333 0.0713027
2.17391 0.0657635
2.08333 0.0713027
2.08333 0.0657574
2.17391 0.0656197
2.17391 0.0685293
2.17391 0.0683924
2.17391 0.0685293
2.17391 0.0675983
2.17391 0.0675983
2.17391 0.0674682
2.17391 0.0683924
2.17391 0.0683924
2.17391 0.0683924
2.17391 0.0683924
2.17391 0.0693166
2.17391 0.0693166
2.17391 0.0711651
2.17391 0.0628471
2.17391 0.0646955
2.17391 0.0656197
2.17391 0.066544
2.17391 0.0674682
2.17391 0.0693166
2.17391 0.0702408
2.17391 0.0628471
2.17391 0.0683924
2.17391 0.0693166
2.17391 0.0711651
2.17391 0.0637713
2.17391 0.0674682
2.17391 0.0683924
2.17391 0.0711651
2.17391 0.0637713
2.17406 0.0567236
2.17391 0.0693166
2.17391 0.0716132
2.17391 0.0646955
2.17391 0.0711651
2.17391 0.0656197
2.17391 0.0702408
2.17228 0.0736711
2.17324 0.0665132
2.08333 0.0730594
2.07609 0.0763466
2.06061 0.068793
2.04172 0.0753715
2.08333 0.0693625
2.07199 0.0788713
2.06376 0.0825022
2.08333 0.0749289
2.07916 0.0842068
2.07858 0.0764457
2.07624 0.0865536
2.07623 0.081076
2.07509 0.0823194
2.07496 0.0840936
2.07485 0.0858166
2.0755 0.0879681
2.07391 0.088694
2.07275 0.0896571
2.07398 0.0919315
2.07384 0.0933142
2.07493 0.0954218
2.07401 0.0962662
2.0737 0.0974544
2.07284 0.0982673
2.07217 0.0991191
2.07153 0.0999302
2.07116 0.100844
2.07296 0.102887
2.07226 0.103536
2.07091 0.103819
2.07017 0.104358
2.0724 0.106352
2.07027 0.106089
2.0702 0.106873
2.07011 0.107517
2.06819 0.107266
2.06893 0.108282
2.06772 0.108256
2.06702 0.108477
2.06697 0.108961
2.06617 0.10905
2.06701 0.10986
1.78571 0.111859
1.77526 0.112994
1.72414 0.0980555
1.72414 0.104536
1.72414 0.104496
1.72414 0.103578
1.66667 0.102727
1.66667 0.102748
1.66667 0.101748
1.6129 0.10414
1.6129 0.105452
1.6129 0.100021
1.6129 0.103718
1.6129 0.106501
1.6129 0.0991074
1.6129 0.102804
1.6129 0.104653
1.6129 0.106501
1.6129 0.0983121
1.6129 0.10189
1.6129 0.103739
1.66667 0.103628
1.66667 0.105476
1.66667 0.0980824
1.66667 0.0980824
1.66667 0.0999308
1.66667 0.0999308
1.66667 0.101779
1.66667 0.102709
1.72414 0.103632
1.72414 0.104561
1.72414 0.10548
1.72414 0.0971676
1.72414 0.0999348
1.72414 0.100864
1.66667 0.102833
1.72414 0.102713
1.72414 0.104561
1.72414 0.104561
1.78571 0.106285
1.72414 0.0991448
1.72414 0.102842
1.72414 0.102842
1.72414 0.10469
1.72414 0.10469
1.72414 0.10469
1.72414 0.106539
1.78571 0.0990206
1.78571 0.100869
1.78571 0.102717
1.78571 0.102717
1.78571 0.102851
1.78571 0.102717
1.78571 0.103194
1.78571 0.104566
1.78571 0.104566
1.78571 0.104566
1.85185 0.104437
1.78571 0.106414
1.85185 0.0988917
1.85185 0.0979675
1.85185 0.0970433
1.85185 0.0970433
1.85185 0.0970433
1.85185 0.097177
1.78571 0.0982413
1.85185 0.098107
1.85185 0.0990254
1.92308 0.0988917
1.85185 0.0999554
1.85185 0.0994965
1.85185 0.098107
1.92308 0.0979675
1.85185 0.0991642
1.92308 0.0988917
1.85185 0.10471
1.85185 0.102722
1.85185 0.102861
1.85185 0.102861
1.85185 0.102861
1.85185 0.101949
1.92308 0.100879
1.92308 0.100879
1.92308 0.0990306
1.92308 0.0990306
1.92308 0.0990306
1.92308 0.0981125
1.92308 0.0981125
1.92308 0.0971822
1.92308 0.0971822
1.92308 0.096264
1.92308 0.0953338
1.92308 0.0954783
2 0.0948739
2 0.0924222
2 0.0914979
2 0.0914979
2 0.0896495
2 0.0896495
2 0.0896495
2 0.0878011
2 0.0878011
2 0.0859526
2 0.0859526
2 0.0841042
2 0.0841042
2 0.0822557
2 0.0822557
2 0.0804073
2 0.0804073
2 0.0784142
2 0.0784142
2 0.076855
2 0.0750066
2 0.0750066
2 0.0731581
2 0.0713097
2 0.0713097
2 0.0694612
2 0.076855
2 0.0713097
2 0.0694612
2 0.0787034
2 0.0750066
2 0.0731581
2 0.0722276
2 0.0713097
2.08333 0.0693166
2.08333 0.0748619
2.08333 0.0739377
2.08333 0.0730135
2.08333 0.0711651
2.08333 0.0694674
2.08333 0.0750127
2.08333 0.0713158
2.08333 0.0694674
2.08333 0.0777788
2.08333 0.0750127
2.08333 0.0731643
2.08333 0.0713158
2.08333 0.0694674
2.08333 0.0768611
2.08333 0.0731643
2.08333 0.0713158
2.08333 0.0694674
2.08333 0.0774904
2.08333 0.0750127
2.08333 0.0731643
2.08333 0.0713158
2.08333 0.0691659
2.08333 0.0750127
2.17391 0.066544
2.08333 0.0657705
2.08333 0.0625256
2.08333 0.0648397
2.08333 0.0657705
2.08333 0.0657705
2.08333 0.0674682
2.08333 0.0694674
2.08333 0.0720893
2 0.0666949
2 0.0711651
2 0.0683924
2 0.0739377
2 0.0693166
2 0.0776346
2 0.0720893
2 0.0739377
2 0.0739377
2 0.0748619
1.92308 0.0745362
2 0.0739377
2 0.0707067
2 0.0683924
2 0.0707067
2 0.0617908
2 0.0617908
2 0.0573017
2 0.0526806
2 0.0480595
2 0.0434384
2 0.0388173
2 0.0341962
2 0.0323478
2 0.0286509
2 0.0258782
1.92308 0.0229787
2 0.0203329
2 0.0175602
2 0.0147875
2 0.0120149
2 0.00924222
2 0.00646955
2 0.00369689
2 -0.000138317
2 -0.00277266
2 -0.00554533
2 -0.00831799
2 -0.011229
2 -0.0130774
2.08333 -0.016636
2.08333 -0.0184844
2 -0.0213892
2 -0.0260165
2 -0.0283183
2 -0.031097
2 -0.0343283
2 -0.0371072
2 -0.0398736
2 -0.0426525
2 -0.044501
2 -0.0481978
2 -0.0500463
2 -0.0537432
2 -0.0555916
2 -0.0592885
2 -0.0611369
2 -0.0648338
2 -0.0666823
2 -0.0703792
2 -0.0592885
2 -0.0611369
2.08333 -0.0633056
2 -0.0648338
2.08333 -0.066544
2.08333 -0.0720893
2.08333 -0.0720893
2.08333 -0.0720893
2.08333 -0.0725478
2.08333 -0.0739377
2.08333 -0.0743962
2.08333 -0.0762447
2.08333 -0.0759304
2.08333 -0.0759304
2.08333 -0.0777788
2.08333 -0.0777788
2.08333 -0.0787096
2.08333 -0.0796272
2.08333 -0.0796272
2.08333 -0.0814757
2.08333 -0.0814757
2.08333 -0.0814757
2.08333 -0.0833241
2.08333 -0.0833241
2.08333 -0.0833241
2.08333 -0.0851726
2.08333 -0.0851726
2.08333 -0.0851726
2.08333 -0.0861034
2.08333 -0.087021
2.08333 -0.087021
2.08333 -0.087021
2.08333 -0.0879518
2.08333 -0.0888695
2.08333 -0.0888695
2.08333 -0.0888695
2.08333 -0.0888695
2.08333 -0.0898003
2.17391 -0.0896495
2.17391 -0.0896495
2.17391 -0.0905737
2.17391 -0.0905737
2.17391 -0.0905737
2.17391 -0.0914979
2.17391 -0.0914979
2.17391 -0.0924222
2.17391 -0.0928807
2.17391 -0.0924222
2.17391 -0.0924222
2.17391 -0.0933464
2.17391 -0.0933464
2.17391 -0.0933464
2.17391 -0.0942706
2.17391 -0.0942706
2.17391 -0.0947291
2.17391 -0.0944212
2.17391 -0.0944212
2.17391 -0.0944212
2.17391 -0.0953523
2.17391 -0.0953523
2.17391 -0.0942706
2.17391 -0.0944212
2.17391 -0.0944212
2.17391 -0.0944212
2.08333 -0.0953456
2.17391 -0.0942706
2.17391 -0.0925728
2.17391 -0.0942706
2.17391 -0.0942706
2.17391 -0.0944212
2.17391 -0.0944212
2.08333 -0.0944148
2.17391 -0.0942706
2.17391 -0.0925728
2.17391 -0.0924222
2.17391 -0.0924222
2.17391 -0.0924222
2.17391 -0.0905737
2.17391 -0.0887253
2.17391 -0.0867262
2.17391 -0.0858088
2.17391 -0.0839604
2.17391 -0.0821119
2.17391 -0.0802635
2.17391 -0.0802635
2.17391 -0.0787026
2.27273 -0.0776346
2.17391 -0.0761143
2.17391 -0.0754581
2.27273 -0.0776346
2.27273 -0.0748619
2.27273 -0.0748619
2.27273 -0.0748619
2.27273 -0.0748619
2.27273 -0.0748619
2.17391 -0.0759094
2.17391 -0.0759094
2.27273 -0.0757862
2.27273 -0.0757862
2.27273 -0.0776346
2.27273 -0.0794831
2.27273 -0.0813315
2.27273 -0.0831799
2.27273 -0.0850284
2.17391 -0.0870001
2.17391 -0.091628
2.17391 -0.0934765
2.17391 -0.0948735
2.17391 -0.0962423
2.17391 -0.0980907
2.27273 -0.0988917
2.17391 -0.10074
2.17391 -0.102719
2.17391 -0.102719
2.17391 -0.104437
2.17391 -0.106285
2.17391 -0.0979675
2.17391 -0.10365
2.17391 -0.105361
2.17391 -0.0988917
2.17391 -0.105361
2.17391 -0.0988917
2.17391 -0.105361
2.17391 -0.10074
2.17391 -0.10721
2.17391 -0.102589
2.17391 -0.109982
2.17391 -0.107347
2.17391 -0.10721
2.17391 -0.10721
2.17391 -0.10721
2.17391 -0.105361
2.17391 -0.105361
2.17391 -0.105498
2.17391 -0.105361
2.17391 -0.104889
2.17391 -0.103513
2.17391 -0.112426
2.17391 -0.109058
2.17391 -0.109058
2.17391 -0.108134
2.17391 -0.10721
2.17391 -0.10721
2.17391 -0.106285
2.17391 -0.105361
2.17391 -0.104437
2.17391 -0.111975
2.17391 -0.10721
2.17391 -0.106285
2.17391 -0.105361
2.17391 -0.104293
2.17391 -0.113083
2.17391 -0.109839
2.17391 -0.109839
2.17391 -0.108921
2.17391 -0.10799
2.17391 -0.106882
2.17391 -0.106607
2.17391 -0.106607
2.17391 -0.104758
2.17391 -0.104293
2.17391 -0.113535
2.17391 -0.110304
2.17391 -0.108455
2.27273 -0.108134
2.17391 -0.108278
2.17391 -0.106429
2.17391 -0.104581
2.17391 -0.114001
2.27273 -0.109982
2.17391 -0.106607
2.17391 -0.104581
2.17391 -0.106429
2.17391 -0.102267
2.27273 -0.111831
2.27273 -0.113679
2.27273 -0.111831
2.27273 -0.109982
2.17391 -0.108743
2.17391 -0.108278
2.17391 -0.105512
2.17391 -0.104581
2.17391 -0.113823
2.17391 -0.111975
2.17391 -0.110126
2.17391 -0.108278
2.17391 -0.10736
2.17391 -0.106429
2.17391 -0.104581
2.17391 -0.112906
2.17391 -0.110126
2.17391 -0.108278
2.17391 -0.10736
2.17391 -0.105512
2.17391 -0.104581
2.17391 -0.112906
2.17391 -0.110126
2.17391 -0.108278
2.17391 -0.10736
2.17391 -0.105512
2.17391 -0.104581
2.17391 -0.111057
2.17391 -0.105512
2.17391 -0.102732
2.17391 -0.109209
2.27273 -0.102589
2.17391 -0.106429
2.27273 -0.0979675
2.27273 -0.096119
2.27273 -0.0970433
2.27273 -0.0970433
2.27273 -0.0970433
2.27273 -0.0970433
2.27273 -0.0970433
2.27273 -0.0970433
2.27273 -0.0979675
2.27273 -0.0979675
2.27273 -0.0979675
2.27273 -0.0979675
2.27273 -0.0979675
2.27273 -0.0979675
2.27273 -0.0979675
2.27273 -0.0970433
2.27273 -0.0951948
2.27273 -0.0933464
2.27273 -0.0914979
2.27273 -0.0905737
2.27273 -0.0896495
2.27273 -0.0888686
2.27273 -0.087335
2.27273 -0.0864105
2.27273 -0.0851717
2.27273 -0.0842403
2.27273 -0.0845621
2.27273 -0.0842403
2.27273 -0.0833089
2.27273 -0.0833089
2.27273 -0.0833089
2.27273 -0.0833089
2.27273 -0.0822557
2.27273 -0.0823775
2.27273 -0.0823775
2.27273 -0.0832946
2.27273 -0.084226
2.27273 -0.084226
2.27273 -0.085143
2.27273 -0.0860601
2.27273 -0.0869915
2.27273 -0.0879085
2.27273 -0.089757
2.27273 -0.0916054
2.27273 -0.0943852
2.27273 -0.0971507
2.17391 -0.0991018
2.27273 -0.101779
2.17391 -0.105585
2.27273 -0.0980821
2.27273 -0.0980821
2.17391 -0.101888
2.27273 -0.10271
2.17391 -0.105585
2.27273 -0.0998159
2.27273 -0.0925368
2.17391 -0.0943802
2.27273 -0.0953166
2.17391 -0.0953112
2.17391 -0.0972813
2.17391 -0.0991298
2.17391 -0.100857
2.27273 -0.103513
2.17391 -0.104553
2.27273 -0.108134
2.17391 -0.102705
2.27273 -0.101793
2.17391 -0.0991298
2.17391 -0.101788
2.27273 -0.101664
2.17391 -0.101788
2.17391 -0.106402
2.17391 -0.104553
2.17391 -0.109181
2.17391 -0.102705
2.17391 -0.10931
2.17391 -0.101788
2.17391 -0.107333
2.17391 -0.101788
2.17391 -0.107333
2.17391 -0.103636
2.17391 -0.11103
2.17391 -0.107333
2.17391 -0.107333
2.17391 -0.107333
2.17391 -0.108264
2.17391 -0.108264
2.17391 -0.108264
2.17391 -0.108264
2.17391 -0.108264
2.17391 -0.107333
2.17391 -0.107333
2.17391 -0.106416
2.17391 -0.106416
2.17391 -0.106416
2.17391 -0.106416
2.17391 -0.106416
2.17391 -0.106416
2.17391 -0.106416
2.17391 -0.106416
2.17391 -0.105498
2.17391 -0.105498
2.17391 -0.104567
2.17391 -0.113809
2.17391 -0.110112
2.17391 -0.109195
2.17391 -0.109195
2.17391 -0.109195
2.17391 -0.108264
2.17391 -0.107347
2.17391 -0.107347
2.17391 -0.107347
2.17391 -0.107347
2.17391 -0.106416
2.17391 -0.105498
2.17391 -0.105498
2.17391 -0.105498
2.17391 -0.104567
2.17391 -0.11474
2.17391 -0.112892
2.17391 -0.112892
2.17391 -0.111043
2.17391 -0.111043
2.17391 -0.110126
2.17391 -0.109195
2.17391 -0.109195
2.17391 -0.107347
2.17391 -0.107347
2.17391 -0.106429
2.27273 -0.105361
2.17391 -0.101801
2.17391 -0.110126
2.17391 -0.111043
2.17391 -0.110126
2.17391 -0.109195
2.17391 -0.108278
2.27273 -0.10721
2.17391 -0.109195
2.27273 -0.108134
2.17391 -0.106429
2.27273 -0.104895
2.17391 -0.100884
2.27273 -0.104437
2.17391 -0.111975
2.27273 -0.10074
2.27273 -0.0896495
2.17391 -0.0907106
2.27273 -0.0896495
2.17391 -0.0897933
2.27273 -0.0879515
2.27273 -0.0868768
2.27273 -0.0878011
2.27273 -0.0878011
2.27273 -0.0887253
2.27273 -0.0896495
2.27273 -0.0897999
2.27273 -0.0896495
2.27273 -0.0905737
2.27273 -0.0914979
2.27273 -0.0914979
2.27273 -0.0914979
2.27273 -0.0933464
2.27273 -0.0933464
2.27273 -0.0942706
2.27273 -0.0951948
2.27273 -0.0951948
2.17391 -0.0971871
2.27273 -0.0970433
2.27273 -0.0951948
2.27273 -0.0951948
2.27273 -0.0951948
2.27273 -0.0975016
2.27273 -0.0970433
2.27273 -0.0970433
2.27273 -0.0970433
2.27273 -0.0979675
2.27273 -0.0988917
2.27273 -0.0988917
2.27273 -0.0988917
2.27273 -0.0988917
2.27273 -0.0998159
2.27273 -0.0998159
2.27273 -0.10074
2.27273 -0.10074
2.27273 -0.100274
2.27273 -0.0988917
2.27273 -0.0988917
2.27273 -0.0970433
2.27273 -0.0953453
2.27273 -0.0942706
2.27273 -0.0924222
2.27273 -0.0924222
2.27273 -0.0910319
2.27273 -0.090717
2.27273 -0.090717
2.27273 -0.0897856
2.27273 -0.0897856
2.27273 -0.0897856
2.27273 -0.0897856
2.27273 -0.0888542
2.27273 -0.0888542
2.27273 -0.0897713
2.27273 -0.0897713
2.27273 -0.0897713
2.27273 -0.0906883
2.27273 -0.0914979
2.27273 -0.0925368
2.27273 -0.0925368
2.27273 -0.0934538
2.27273 -0.0943852
2.27273 -0.0953023
2.27273 -0.0971507
2.27273 -0.0980678
2.27273 -0.0999162
2.27273 -0.101765
2.17391 -0.103709
2.27273 -0.105462
2.17391 -0.102771
2.27273 -0.106379
2.27273 -0.110076
2.27273 -0.110993
2.17391 -0.111075
2.17391 -0.111075
2.17391 -0.111985
2.17391 -0.111985
2.15315 -0.11447
2.14009 -0.115811
2.17391 -0.113805
2.16726 -0.11474
2.16469 -0.115711
2.16334 -0.116688
2.17391 -0.116564
2.17391 -0.118412
2.17493 -0.119006
2.27273 -0.119275
2.27535 -0.119213
2.29731 -0.119631
2.32016 -0.119636
2.17391 -0.124804
2.27273 -0.12477
2.25216 -0.125698
2.26022 -0.12657
2.27065 -0.127064
2.27945 -0.127401
2.28642 -0.127336
2.29438 -0.127432
2.30153 -0.127313
2.31243 -0.12787
2.32193 -0.128093
2.33221 -0.128422
2.33951 -0.12816
2.3475 -0.128012
2.35523 -0.127772
2.36393 -0.127657
2.37359 -0.127626
2.38392 -0.127677
2.38558 -0.126308
2.39791 -0.12661
2.39989 -0.125193
2.40634 -0.124503
2.41582 -0.124182
2.426 -0.123959
2.43444 -0.123434
2.44379 -0.123002
2.45039 -0.122152
2.45624 -0.121161
2.4648 -0.120503
2.47263 -0.119714
2.48199 -0.119101
2.4894 -0.118179
2.49548 -0.117062
2.5057 -0.116458
2.51349 -0.115464
2.5201 -0.114331
2.52718 -0.113209
2.53701 -0.112391
2.54547 -0.111357
1.72414 -0.250519
1.70239 -0.257555
1.713 -0.247699
1.69861 -0.254107
1.69191 -0.245131
1.67803 -0.252637
1.66878 -0.251913
1.72414 -0.211724
1.72282 -0.205479
1.72414 -0.218204
1.72414 -0.211724
1.7248 -0.206604
1.72414 -0.218204
1.72103 -0.225785
1.72414 -0.210811
1.72505 -0.209638
1.72414 -0.216815
1.72414 -0.211746
1.72414 -0.208984
1.72414 -0.215929
1.72208 -0.221568
1.72414 -0.216378
1.7214 -0.22546
1.72499 -0.217125
1.72414 -0.209919
1.72747 -0.20221
1.72414 -0.214034
1.72414 -0.207158
1.72414 -0.210787
1.72414 -0.201612
1.72414 -0.207091
1.72414 -0.207091
1.72414 -0.206172
1.72414 -0.206172
1.72414 -0.206172
1.72414 -0.206172
1.72414 -0.205253
1.72414 -0.204323
1.72414 -0.203404
1.72414 -0.203404
1.72479 -0.202774
1.72414 -0.202486
1.72414 -0.201556
1.72414 -0.200637
1.66667 -0.198951
1.72414 -0.19787
1.72414 -0.19694
1.72414 -0.196111
1.72414 -0.195092
1.72414 -0.194263
1.66667 -0.192498
1.72414 -0.191501
1.72414 -0.190566
1.72414 -0.188717
1.72414 -0.187804
1.72414 -0.185956
1.72414 -0.184107
1.72414 -0.184107
1.72414 -0.182259
1.72414 -0.18041
1.78571 -0.1794
1.72414 -0.177649
1.72414 -0.175699
1.72414 -0.173952
1.72414 -0.181345
1.72414 -0.1758
1.72414 -0.173952
1.72414 -0.181345
1.72414 -0.174887
1.72414 -0.173038
1.72414 -0.180432
1.72414 -0.174887
1.72414 -0.17258
1.72414 -0.180432
1.72414 -0.174997
1.78571 -0.172936
1.78571 -0.17711
1.78571 -0.169239
1.78571 -0.175714
1.78571 -0.16832
1.78571 -0.173866
1.78571 -0.173866
1.78571 -0.173866
1.78571 -0.173866
1.78571 -0.173866
1.78571 -0.173866
1.78571 -0.172947
1.78571 -0.172494
1.78571 -0.172017
1.78571 -0.172494
1.78571 -0.172017
1.78571 -0.171099
1.78571 -0.171099
1.85185 -0.171103
1.85185 -0.169255
1.85185 -0.16833
1.85185 -0.167406
1.85185 -0.167406
1.85185 -0.165558
1.78571 -0.164762
1.85185 -0.163709
1.85185 -0.161861
1.85185 -0.161861
1.85185 -0.160012
1.85185 -0.159094
1.85185 -0.158164
1.85185 -0.158164
1.92308 -0.157118
1.92308 -0.157118
1.92308 -0.157118
1.85185 -0.157246
1.85185 -0.155397
1.85185 -0.154594
1.85185 -0.153681
1.85185 -0.151833
1.85185 -0.149985
1.85185 -0.148136
1.85185 -0.1472
1.85185 -0.146288
1.85185 -0.144439
1.92308 -0.142463
1.92308 -0.138766
1.92308 -0.148008
1.92308 -0.142463
1.92308 -0.139696
1.92308 -0.138766
1.92308 -0.14616
1.92308 -0.138766
1.92308 -0.14616
1.92308 -0.138904
1.92308 -0.145386
1.92308 -0.139696
1.92308 -0.137533
1.92308 -0.145386
1.92308 -0.136918
2 -0.143254
2 -0.136785
2 -0.144179
2 -0.135861
2 -0.140482
1.92308 -0.133221
2 -0.138633
2 -0.140482
2 -0.130315
2 -0.134936
2 -0.134012
1.92308 -0.134296
2 -0.134012
2 -0.134936
2 -0.134157
2 -0.134012
2 -0.133226
2 -0.133226
2.08333 -0.132164
2 -0.132308
2 -0.13046
2 -0.129065
2.08333 -0.129391
2.08333 -0.128467
2 -0.127681
2 -0.126763
2 -0.125832
2 -0.124914
2 -0.124914
2 -0.123066
2 -0.123066
2 -0.122136
2 -0.121218
2 -0.120287
2.08333 -0.119375
2 -0.119369
2.08333 -0.117376
2.08333 -0.114138
2.08333 -0.112289
2.08333 -0.111051
2.08333 -0.110133
2.08333 -0.109202
2.08333 -0.108285
2.08333 -0.107354
2.08333 -0.105505
2.08333 -0.104588
2.08333 -0.111051
2.08333 -0.105505
2.08333 -0.103657
2.08333 -0.112899
2.08333 -0.10721
2.08333 -0.105505
2.08333 -0.104588
2.08333 -0.111982
2.08333 -0.108285
2.08333 -0.107354
2.08333 -0.105505
2.08333 -0.104588
2.08333 -0.11383
2.17391 -0.109058
2.08333 -0.107354
2.08333 -0.105505
2.17391 -0.104437
2.17391 -0.108134
2.17391 -0.103513
2.17391 -0.110907
2.17391 -0.104437
2.17391 -0.108134
2.17391 -0.101664
2.17391 -0.105361
2.17391 -0.096119
2.17391 -0.101199
2.17391 -0.101815
2.17391 -0.102123
2.17391 -0.103047
2.17391 -0.102746
2.17391 -0.102589
2.17391 -0.103198
2.17391 -0.103663
2.17391 -0.103663
2.17391 -0.103513
2.17391 -0.103663
2.17391 -0.103663
2.17391 -0.104594
2.17391 -0.103985
2.17391 -0.104594
2.17391 -0.104594
2.17391 -0.104594
2.17391 -0.104437
2.17391 -0.104594
2.17391 -0.104594
2.17391 -0.104594
2.17391 -0.105361
2.17391 -0.0979675
2.17391 -0.103513
2.17391 -0.103513
2.17391 -0.103513
2.17391 -0.103513
2.17391 -0.103513
2.17391 -0.103513
2.17391 -0.101664
2.17391 -0.101514
2.17391 -0.101664
2.17391 -0.101514
2.17391 -0.101514
2.17391 -0.101514
2.17391 -0.100583
2.17391 -0.100583
2.17391 -0.100583
2.17391 -0.100583
2.17391 -0.0998159
2.17391 -0.0996653
2.17391 -0.0987343
2.17391 -0.0987343
2.17391 -0.0979675
2.17391 -0.0979675
2.17391 -0.0979675
2.17391 -0.0978169
2.17391 -0.0981181
2.17391 -0.098426
2.17391 -0.0979675
2.17391 -0.0972007
2.17391 -0.0962697
2.17391 -0.0962697
2.17391 -0.0962697
2.17391 -0.0962697
2.17391 -0.0962697
2.17391 -0.0962697
2.17391 -0.0944212
2.17391 -0.0944212
2.17391 -0.0944212
2.17391 -0.0944212
2.17391 -0.0944212
2.17391 -0.0925728
2.17391 -0.0925728
2.17391 -0.0925728
2.17391 -0.0907243
2.17391 -0.0898069
2.17391 -0.0879585
2.17391 -0.085179
2.17391 -0.0836384
2.17391 -0.0793324
2.17391 -0.0756356
2.17391 -0.0720893
2.17391 -0.066544
2.17391 -0.0637713
2.17391 -0.0602182
2.17391 -0.0574386
2.17391 -0.0536049
2.17391 -0.0509623
2.08333 -0.0492383
2.08333 -0.0483006
2.08333 -0.0464522
2.08333 -0.0464522
2.17391 -0.0476085
2.08333 -0.0492115
2.08333 -0.0510599
2.08333 -0.0529084
2.08333 -0.0584537
2.08333 -0.0620343
2.08333 -0.0657311
2.08333 -0.069428
2.08333 -0.0740557
2.08333 -0.0759042
2.08333 -0.0777526
2.08333 -0.0809916
2.08333 -0.083298
2.08333 -0.0851464
2.08333 -0.0869948
2.08333 -0.0888433
2.08333 -0.0906917
2.08333 -0.0934709
2.08333 -0.0953194
2.08333 -0.0971678
2.08333 -0.0990163
2.08333 -0.101782
2.08333 -0.103631
2.08333 -0.10641
2.08333 -0.0999339
2.08333 -0.108258
2.08333 -0.102713
2.08333 -0.110107
2.08333 -0.104562
2.08333 -0.112886
2.08333 -0.10641
2.08333 -0.10641
2.08333 -0.10641
2.08333 -0.10641
2.08333 -0.10641
2.08333 -0.10641
2.08333 -0.10641
2.08333 -0.10641
2.08333 -0.10641
2.08333 -0.10641
2.08333 -0.10641
2.08333 -0.105492
2.08333 -0.105492
2.08333 -0.105492
2.08333 -0.105492
2.08333 -0.105492
2.08333 -0.105492
2.08333 -0.105492
2.08333 -0.105492
2.08333 -0.104575
2.08333 -0.112886
2.08333 -0.107341
2.08333 -0.107341
2.08333 -0.106423
2.08333 -0.106423
2.08333 -0.105492
2.08333 -0.105492
2.17391 -0.105361
2.08333 -0.104575
2.08333 -0.113023
2.08333 -0.111038
2.08333 -0.11012
2.08333 -0.11012
2.17391 -0.109058
2.08333 -0.11012
2.17391 -0.108278
2.08333 -0.106567
2.17391 -0.105361
2.17391 -0.104581
2.17391 -0.113823
2.17391 -0.108278
2.17391 -0.108278
2.17391 -0.108134
2.17391 -0.106429
2.17391 -0.106429
2.17391 -0.106429
2.17391 -0.104437
2.17391 -0.113823
2.17391 -0.106429
2.17391 -0.106429
2.17391 -0.104581
2.17391 -0.111831
2.17391 -0.106429
2.17391 -0.104581
2.17391 -0.112906
2.17391 -0.106429
2.17391 -0.106429
2.17391 -0.104581
2.17391 -0.113823
2.17391 -0.109209
2.17391 -0.108134
2.17391 -0.10736
2.17391 -0.106429
2.17391 -0.105512
2.17391 -0.104581
2.17391 -0.113823
2.17391 -0.109058
2.17391 -0.107812
2.17391 -0.10736
2.17391 -0.105512
2.17391 -0.104581
2.17391 -0.112906
2.17391 -0.109209
2.17391 -0.10721
2.17391 -0.105512
2.17391 -0.105512
2.17391 -0.103663
2.17391 -0.111831
2.17391 -0.108134
2.17391 -0.10721
2.17391 -0.105361
2.17391 -0.104437
2.08333 -0.111051
2.17391 -0.104437
2.17391 -0.105361
2.17391 -0.0998159
2.17391 -0.105361
2.17391 -0.0981181
2.17391 -0.103513
2.17391 -0.104437
2.17391 -0.10582
2.17391 -0.0959684
2.17391 -0.0996653
2.17391 -0.100596
2.17391 -0.101514
2.17391 -0.102123
2.17391 -0.101514
2.17391 -0.102445
2.17391 -0.103362
2.17391 -0.103513
2.17391 -0.103362
2.17391 -0.103513
2.17391 -0.103513
2.17391 -0.103971
2.17391 -0.104581
2.17391 -0.105512
2.17391 -0.0971871
2.17391 -0.102732
2.17391 -0.103663
2.17391 -0.103663
2.17391 -0.103663
2.17391 -0.103663
2.17391 -0.103663
2.17391 -0.104581
2.17391 -0.104581
2.17391 -0.105512
2.17391 -0.0948727
2.27273 -0.0998159
2.17391 -0.103663
2.27273 -0.103513
2.17391 -0.101815
2.17391 -0.103663
2.17391 -0.103663
2.17391 -0.103663
2.17391 -0.103663
2.27273 -0.102589
2.17391 -0.102732
2.27273 -0.102589
2.17391 -0.101815
2.27273 -0.101664
2.17391 -0.101815
2.27273 -0.101664
2.27273 -0.101664
2.27273 -0.0998159
2.27273 -0.0979675
2.27273 -0.0970433
2.27273 -0.0951948
2.27273 -0.0933464
2.27273 -0.0914979
2.27273 -0.0896495
2.27273 -0.0887253
2.27273 -0.0878011
2.27273 -0.0868768
2.27273 -0.0859526
2.27273 -0.0851717
2.27273 -0.0841042
2.27273 -0.0842403
2.27273 -0.0842403
2.27273 -0.0833089
2.27273 -0.0833089
2.27273 -0.0833089
2.27273 -0.0833089
2.27273 -0.0833089
2.27273 -0.0823775
2.27273 -0.0823775
2.27273 -0.0823775
2.27273 -0.0832946
2.27273 -0.0832946
2.27273 -0.085143
2.27273 -0.0860601
2.27273 -0.0869915
2.27273 -0.089757
2.27273 -0.0925368
2.17391 -0.0944947
2.27273 -0.0962337
2.17391 -0.0981916
2.17391 -0.0981916
2.17391 -0.0972813
2.17391 -0.0991298
2.17391 -0.100978
2.17391 -0.103622
2.17391 -0.106524
2.17391 -0.0990081
2.17391 -0.102705
2.17391 -0.104675
2.17391 -0.106402
2.17391 -0.0990081
2.17391 -0.104553
2.17391 -0.106402
2.17391 -0.0999392
2.17391 -0.103636
2.17391 -0.105485
2.17391 -0.0980907
2.17391 -0.104675
2.17391 -0.107333
2.17391 -0.0999392
2.17391 -0.105485
2.17391 -0.0980907
2.17391 -0.105485
2.17391 -0.0999392
2.17391 -0.107333
2.17391 -0.0999392
2.17391 -0.105485
2.17391 -0.0990218
2.17391 -0.105485
2.17391 -0.0990218
2.17391 -0.106416
2.17391 -0.102719
2.17391 -0.110112
2.17391 -0.104567
2.17391 -0.11103
2.17391 -0.104567
2.17391 -0.111961
2.17391 -0.108264
2.17391 -0.108264
2.17391 -0.108264
2.17391 -0.108264
2.17391 -0.106416
2.17391 -0.106416
2.17391 -0.106416
2.17391 -0.106416
2.17391 -0.106416
2.17391 -0.106416
2.17391 -0.105498
2.17391 -0.105498
2.17391 -0.104567
2.17391 -0.112892
2.17391 -0.107347
2.17391 -0.106416
2.17391 -0.106416
2.17391 -0.105498
2.17391 -0.10504
2.17391 -0.104567
2.17391 -0.112892
2.17391 -0.105498
2.17391 -0.105498
2.17391 -0.105498
2.17391 -0.10365
2.17391 -0.112892
2.17391 -0.109195
2.17391 -0.108729
2.17391 -0.107347
2.17391 -0.107347
2.17391 -0.106429
2.17391 -0.105498
2.17391 -0.105498
2.17391 -0.104581
2.17391 -0.112892
2.17391 -0.107347
2.17391 -0.105498
2.17391 -0.105498
2.17391 -0.104581
2.17391 -0.112892
2.17391 -0.109195
2.17391 -0.107347
2.17391 -0.107347
2.17391 -0.106429
2.17391 -0.105498
2.17391 -0.104581
2.17391 -0.111043
2.17391 -0.106429
2.17391 -0.104581
2.17391 -0.113823
2.17391 -0.111975
2.17391 -0.110126
2.17391 -0.110126
2.17391 -0.108278
2.17391 -0.108278
2.17391 -0.106429
2.17391 -0.106429
2.17391 -0.104581
2.17391 -0.111975
2.17391 -0.108278
2.17391 -0.106429
2.27273 -0.105361
2.17391 -0.104581
2.27273 -0.110441
2.17391 -0.111975
2.17391 -0.111975
2.27273 -0.109982
2.17391 -0.108278
2.17391 -0.104581
2.27273 -0.112898
2.27273 -0.112755
2.27273 -0.110907
2.17391 -0.109195
2.27273 -0.10827
2.27273 -0.105819
2.27273 -0.102725
2.27273 -0.110118
2.27273 -0.104573
2.27273 -0.111036
2.27273 -0.106422
2.27273 -0.103642
2.27273 -0.111036
2.27273 -0.104559
2.27273 -0.110104
2.27273 -0.104559
2.27273 -0.110104
2.27273 -0.10271
2.27273 -0.110104
2.27273 -0.106407
2.17391 -0.106524
2.17391 -0.107905
2.17391 -0.107462
2.17391 -0.107462
2.17391 -0.108372
2.27273 -0.107339
2.17391 -0.10931
2.27273 -0.109058
2.17391 -0.10931
2.17391 -0.11022
2.17391 -0.10931
2.17391 -0.10931
2.17391 -0.10931
2.27273 -0.109058
2.17391 -0.10931
2.27273 -0.10827
2.17391 -0.103636
2.27273 -0.110907
2.17391 -0.119355
2.27273 -0.121209
2.17391 -0.122121
2.17391 -0.123052
2.17391 -0.123052
2.17391 -0.123188
2.17391 -0.123052
2.17391 -0.123052
2.17391 -0.123052
2.17391 -0.122121
2.17391 -0.121339
2.17391 -0.121203
2.17391 -0.121203
2.17391 -0.121203
2.17391 -0.121203
2.17391 -0.120286
2.17391 -0.119355
2.17391 -0.119355
2.17391 -0.119355
2.17391 -0.119355
2.17391 -0.119355
2.17391 -0.118437
2.17391 -0.117979
2.17391 -0.117506
2.17391 -0.117506
2.17391 -0.116589
2.17391 -0.116589
2.27273 -0.115528
2.17391 -0.116589
2.27273 -0.114747
2.17391 -0.116589
2.17391 -0.11474
2.17391 -0.111961
2.17391 -0.111043
2.27273 -0.11105
2.17391 -0.110112
2.27273 -0.11105
2.17391 -0.107347
2.17391 -0.107347
2.27273 -0.11105
2.27273 -0.109982
2.27273 -0.109201
2.27273 -0.109058
2.27273 -0.10721
2.17391 -0.107347
2.27273 -0.105361
2.27273 -0.103979
2.27273 -0.110907
2.17391 -0.107347
2.27273 -0.106436
2.27273 -0.105361
2.27273 -0.105361
2.27273 -0.103513
2.27273 -0.109058
2.27273 -0.104437
2.27273 -0.111831
2.27273 -0.105361
2.27273 -0.103513
2.17391 -0.113823
2.27273 -0.109982
2.27273 -0.10721
2.27273 -0.106285
2.27273 -0.104437
2.27273 -0.110907
2.27273 -0.106285
2.27273 -0.104437
2.17391 -0.111975
2.27273 -0.105361
2.27273 -0.102589
2.17391 -0.110126
2.27273 -0.106744
2.17391 -0.0990355
2.17391 -0.10291
2.17391 -0.103663
2.17391 -0.102445
2.17391 -0.10074
2.17391 -0.0998159
2.17391 -0.0979675
2.17391 -0.0981181
2.08333 -0.0964399
2.17391 -0.0942706
2.08333 -0.0934972
2.08333 -0.0916487
2.08333 -0.0888695
2.08333 -0.087021
2.08333 -0.0836384
2 -0.0786909
2 -0.0732831
2 -0.0695862
2 -0.0677121
2 -0.0658637
2 -0.0658637
2 -0.065371
2 -0.066775
2 -0.0695348
2 -0.0713833
2 -0.0732317
2 -0.0760172
2 -0.078777
2 -0.0815626
2 -0.0838555
2 -0.0861708
2 -0.0889563
2 -0.0908048
2 -0.0943838
2 -0.0963501
2 -0.0981985
2 -0.100984
2 -0.103626
2 -0.105474
2 -0.0981985
2 -0.103277
2 -0.105474
2 -0.0991356
2 -0.106529
2 -0.102833
2 -0.110226
2 -0.106529
2 -0.106529
2 -0.106529
2 -0.106529
2 -0.106529
2.08333 -0.10641
2 -0.106529
2 -0.107911
2 -0.107466
2 -0.107466
2 -0.107466
2 -0.107466
2 -0.108378
2 -0.108378
2.08333 -0.107341
2 -0.107466
2 -0.105618
2.08333 -0.105492
2.08333 -0.107341
2 -0.108404
2.08333 -0.11012
2.08333 -0.111968
2.08333 -0.112899
2 -0.114886
2.08333 -0.114748
2.08333 -0.117376
2.08333 -0.119683
2.08333 -0.119225
2.08333 -0.121073
2.08333 -0.121073
2.08333 -0.121073
2.08333 -0.121997
2.08333 -0.121997
2.08333 -0.121997
2.08333 -0.122155
2.08333 -0.121997
2.08333 -0.121997
2.08333 -0.120149
2.08333 -0.120149
2.08333 -0.119225
2.08333 -0.118759
2.08333 -0.117376
2.08333 -0.116452
2.08333 -0.114761
2.08333 -0.112755
2.17391 -0.111831
2.17391 -0.109982
2.17391 -0.109982
2.08333 -0.106751
2.17391 -0.104437
2.17391 -0.108134
2.17391 -0.101664
2.17391 -0.10721
2.17391 -0.0998159
2.17391 -0.103513
2.17391 -0.102589
2.08333 -0.102451
2.17391 -0.102445
2.17391 -0.10074
2.17391 -0.0987479
2.17391 -0.0968995
2.17391 -0.095531
2.17391 -0.0932163
2.08333 -0.0904426
2.17391 -0.0878011
2.17391 -0.0859526
2.17391 -0.0845554
2.17391 -0.0813315
2.17391 -0.0785588
2.17391 -0.0757862
2.17391 -0.0730135
2.17391 -0.0693166
2.17391 -0.0674682
2.17391 -0.0646955
2.17391 -0.0628471
2.17391 -0.0619228
2.17391 -0.0599717
2.17391 -0.0572059
2.17391 -0.0544264
2.17391 -0.0516606
2.17391 -0.0498121
2.17391 -0.0470463
2.17443 -0.0445623
2.17391 -0.041501
2.17391 -0.0387352
2.17391 -0.0350383
2.17391 -0.0322724
2.17391 -0.0285756
2.17391 -0.0258097
2.17391 -0.0221128
2.17391 -0.018416
2.17391 -0.0147191
2.17391 -0.0110222
2.17459 -0.00736613
2.17391 -0.00271107
2.17391 0.00098585
2.17391 0.00515455
2.17574 0.0096441
2.17647 0.0138797
2.17391 0.0176081
2.17454 0.0218756
2.17494 0.0261075
2.17516 0.0303032
2.17391 0.0360446
2.17391 0.0286509
2.17391 0.0323478
2.17379 0.030361
2.17346 0.0355154
2.17357 0.0386847
2.17242 0.0412337
2.1725 0.0443575
2.17245 0.0473441
2.17136 0.0498676
2.17226 0.0532677
2.17073 0.0554926
2.17138 0.0587327
2.17111 0.0614808
2.17077 0.0642163
2.17225 0.0553933
2.17159 0.0617348
2.17311 0.0529993
2.17452 0.0598209
2.17407 0.0622547
2.1753 0.0544937
2.17513 0.0626647
2.17595 0.055041
2.17544 0.0634301
2.17726 0.0572987
2.18112 0.0589997
2.1823 0.0595893
2.18239 0.0597703
2.18258 0.0599255
2.18474 0.0607772
2.18567 0.0611372
2.18666 0.0614911
2.18751 0.0617606
2.18909 0.0622436
2.19012 0.0624937
2.19051 0.0624993
2.19138 0.0626262
2.19356 0.0631831
2.19466 0.0633158
2.19667 0.0637387
2.19928 0.0643273
2.20251 0.0650769
2.20395 0.0652003
2.20821 0.0662321
2.21092 0.0666834
2.21267 0.0668195
2.2145 0.0669534
2.21649 0.0670963
2.21944 0.067491
2.2201 0.0671508
2.2226 0.0673469
2.22386 0.0671189
2.22603 0.0671616
2.22847 0.0672345
2.23076 0.0672143
2.23386 0.067432
2.23548 0.0671691
2.23677 0.0667909
2.23796 0.0663535
2.24077 0.0663399
1.35135 0.134129
1.28205 0.13276
1.31579 0.129035
1.35135 0.122117
1.35135 0.11666
1.35135 0.112909
1.35135 0.110145
1.31579 0.108309
1.31579 0.10564
1.31579 0.104728
1.28205 0.102897
1.28205 0.110315
1.28205 0.105588
1.25 0.105721
1.25 0.106658
1.28205 0.107814
1.25 0.110243
1.25 0.111175
1.28205 0.111182
1.28205 0.111182
1.28205 0.111182
1.31579 0.108742
1.31579 0.10656
1.35135 0.104576
1.35135 0.110265
1.35135 0.102871
1.35135 0.110265
1.38889 0.101803
1.38889 0.106429
1.38889 0.0999548
1.42857 0.105504
1.42857 0.101807
1.42857 0.107353
1.42857 0.100106
1.42857 0.104718
1.42857 0.104718
1.47059 0.10458
1.47059 0.102731
1.47059 0.102731
1.51515 0.102589
1.51515 0.102736
1.51515 0.102736
1.51515 0.101807
1.51515 0.100887
1.51515 0.100105
1.51515 0.100105
1.5625 0.0981142
1.5625 0.0981142
1.5625 0.0971851
1.5625 0.0962657
1.6129 0.0951948
1.6129 0.0933464
1.6129 0.0907151
1.6129 0.0870183
1.6129 0.0851698
1.6129 0.0823921
1.6129 0.0788361
1.66667 0.0767104
1.66667 0.0740735
1.66667 0.072225
1.66667 0.0703766
1.66667 0.0685177
1.66667 0.0768409
1.66667 0.0760411
1.72414 0.0757862
1.72414 0.0759159
1.72414 0.0768455
1.72414 0.0777643
1.72414 0.0777643
1.72414 0.0777643
1.72414 0.0777643
1.72414 0.0777643
1.72414 0.0777643
1.72414 0.0777643
1.72414 0.0777643
1.72414 0.0778987
1.72414 0.0778987
1.72414 0.0788339
1.72414 0.0783746
1.78571 0.077769
1.78571 0.0786989
1.78571 0.077769
1.78571 0.077769
1.78571 0.07606
1.78571 0.0731423
1.78571 0.0712939
1.85185 0.0702408
1.85185 0.0683924
1.85185 0.0757862
1.85185 0.0685203
1.85185 0.0731356
1.85185 0.0666602
1.85185 0.074054
1.85185 0.0666602
1.85185 0.0749724
1.85185 0.0676933
1.92308 0.0748619
1.85185 0.0703455
1.85185 0.0704541
1.85185 0.0695181
1.85185 0.0769118
1.85185 0.0732149
1.85185 0.0732149
1.85185 0.0731913
1.85185 0.0731913
1.85185 0.0731913
1.85185 0.0731913
1.92308 0.0740223
1.92308 0.0740223
1.92308 0.0750222
1.92308 0.0759587
1.92308 0.0768706
1.92308 0.0777825
1.92308 0.0786374
1.92308 0.0795555
1.92308 0.0804737
1.92308 0.0823222
1.92308 0.0833032
1.92308 0.0841706
1.92308 0.086007
1.92308 0.0878554
1.92381 0.0893157
1.92415 0.0908166
1.92308 0.0913366
1.92542 0.0940571
1.92308 0.0952371
1.92308 0.0970855
1.92308 0.098934
1.92242 0.0996565
1.92262 0.101227
1.92308 0.104499
1.9211 0.104513
1.92354 0.107872
1.92377 0.109486
1.92376 0.100477
1.92369 0.108586
1.92315 0.103075
1.92367 0.114337
1.92554 0.112896
1.92383 0.110581
1.92503 0.11011
1.9271 0.110048
1.92892 0.109793
1.92824 0.107962
1.93141 0.108432
1.93086 0.106513
1.93385 0.106748
1.93374 0.117911
1.93547 0.108956
1.93835 0.108942
1.94017 0.10816
1.93994 0.106245
1.94519 0.107299
1.94556 0.118667
1.94585 0.10986
1.94972 0.109985
1.95003 0.108097
1.9535 0.107849
1.95526 0.106627
1.95757 0.105684
1.9574 0.11605
1.96056 0.110899
-nan -nan
-nan -nan
-nan -nan
-nan -nan
-nan -nan
-nan -nan
-nan -nan
-nan -nan
-nan -nan
-nan -nan
-nan -nan
-nan -nan
-nan -nan
-nan -nan
-nan -nan
-nan -nan
-nan -nan
-nan -nan
-nan -nan
-nan -nan
-nan -nan
-nan -nan
-nan -nan
-nan -nan
-nan -nan
-nan -nan
-nan -nan
-nan -nan
-nan -nan
-nan -nan
-nan -nan
-nan -nan
-nan -nan
-nan -nan
-nan -nan
-nan -nan
-nan -nan
-nan -nan
-nan -nan
-nan -nan
-nan -nan
-nan -nan
-nan -nan
-nan -nan
-nan -nan
-nan -nan
-nan -nan
-nan -nan
-nan -nan
-nan -nan
-nan -nan
-nan -nan
-nan -nan
-nan -nan
-nan -nan
-nan -nan
-nan -nan
-nan -nan
-nan -nan
-nan -nan
-nan -nan
-nan -nan
-nan -nan
-nan -nan
-nan -nan
-nan -nan
-nan -nan
-nan -nan
-nan -nan
-nan -nan
-nan -nan
-nan -nan
-nan -nan
-nan -nan
-nan -nan
-nan -nan
-nan -nan
-nan -nan
-nan -nan
-nan -nan
-nan -nan
-nan -nan
-nan -nan
-nan -nan
-nan -nan
-nan -nan
-nan -nan
-nan -nan
-nan -nan
-nan -nan
-nan -nan
-nan -nan
-nan -nan
-nan -nan
-nan -nan
-nan -nan
-nan -nan
-nan -nan
-nan -nan
-nan -nan
-nan -nan
-nan -nan
-nan -nan
-nan -nan
-nan -nan
-nan -nan
-nan -nan
-nan -nan
-nan -nan
-nan -nan
-nan -nan
-nan -nan
-nan -nan
-nan -nan
-nan -nan
-nan -nan
-nan -nan
-nan -nan
-nan -nan
-nan -nan
-nan -nan
-nan -nan
-nan -nan
-nan -nan
-nan -nan
-nan -nan
-nan -nan
-nan -nan
-nan -nan
-nan -nan
-nan -nan
-nan -nan
-nan -nan
-nan -nan
-nan -nan
-nan -nan
-nan -nan
-nan -nan
-nan -nan
-nan -nan
-nan -nan
-nan -nan
-nan -nan
-nan -nan
-nan -nan
-nan -nan
-nan -nan
-nan -nan
-nan -nan
-nan -nan
-nan -nan
-nan -nan
-nan -nan
-nan -nan
-nan -nan
-nan -nan
-nan -nan
-nan -nan
-nan -nan
-nan -nan
-nan -nan
-nan -nan
-nan -nan
-nan -nan
-nan -nan
-nan -nan
-nan -nan
-nan -nan
-nan -nan
-nan -nan
-nan -nan
-nan -nan
-nan -nan
-nan -nan
-nan -nan
-nan -nan
-nan -nan
-nan -nan
-nan -nan
-nan -nan
-nan -nan
-nan -nan
-nan -nan
-nan -nan
-nan -nan
-nan -nan
-nan -nan
-nan -nan
-nan -nan
-nan -nan
-nan -nan
-nan -nan
-nan -nan
-nan -nan
-nan -nan
-nan -nan
-nan -nan
-nan -nan
-nan -nan
-nan -nan
-nan -nan
-nan -nan
-nan -nan
-nan -nan
-nan -nan
-nan -nan
-nan -nan
-nan -nan
-nan -nan
-nan -nan
-nan -nan
-nan -nan
-nan -nan
-nan -nan
-nan -nan
-nan -nan
-nan -nan
-nan -nan
-nan -nan
-nan -nan
-nan -nan
-nan -nan
-nan -nan
-nan -nan
-nan -nan
-nan -nan
-nan -nan
-nan -nan
-nan -nan
-nan -nan
-nan -nan
-nan -nan
-nan -nan
-nan -nan
-nan -nan
-nan -nan
-nan -nan
-nan -nan
-nan -nan
-nan -nan
-nan -nan
-nan -nan
-nan -nan
-nan -nan
-nan -nan
-nan -nan
-nan -nan
-nan -nan
-nan -nan
-nan -nan
-nan -nan
-nan -nan
-nan -nan
-nan -nan
-nan -nan
-nan -nan
-nan -nan
-nan -nan
-nan -nan
-nan -nan
-nan -nan
-nan -nan
-nan -nan
-nan -nan
-nan -nan
-nan -nan
-nan -nan
-nan -nan
-nan -nan
-nan -nan
-nan -nan
-nan -nan
-nan -nan
-nan -nan
-nan -nan
-nan -nan
-nan -nan
-nan -nan
-nan -nan
-nan -nan
-nan -nan
-nan -nan
-nan -nan
-nan -nan
-nan -nan
-nan -nan
-nan -nan
-nan -nan
-nan -nan
-nan -nan
-nan -nan
-nan -nan
-nan -nan
-nan -nan
-nan -nan
-nan -nan
-nan -nan
-nan -nan
-nan -nan
-nan -nan
-nan -nan
-nan -nan
-nan -nan
-nan -nan
-nan -nan
-nan -nan
-nan -nan
-nan -nan
-nan -nan
-nan -nan
-nan -nan
-nan -nan
-nan -nan
-nan -nan
-nan -nan
-nan -nan
-nan -nan
-nan -nan
-nan -nan
-nan -nan
-nan -nan
-nan -nan
-nan -nan
-nan -nan
-nan -nan
-nan -nan
-nan -nan
-nan -nan
-nan -nan
-nan -nan
-nan -nan
-nan -nan
-nan -nan
-nan -nan
-nan -nan
-nan -nan
-nan -nan
-nan -nan
-nan -nan
-nan -nan
-nan -nan
-nan -nan
-nan -nan
-nan -nan
-nan -nan
-nan -nan
-nan -nan
-nan -nan
-nan -nan
-nan -nan
-nan -nan
-nan -nan
-nan -nan
-nan -nan
-nan -nan
-nan -nan
-nan -nan
-nan -nan
-nan -nan
-nan -nan
-nan -nan
-nan -nan
-nan -nan
-nan -nan
-nan -nan
-nan -nan
-nan -nan
-nan -nan
-nan -nan
-nan -nan
-nan -nan
-nan -nan
-nan -nan
-nan -nan
-nan -nan
-nan -nan
-nan -nan
-nan -nan
-nan -nan
-nan -nan
-nan -nan
-nan -nan
-nan -nan
-nan -nan
-nan -nan
-nan -nan
-nan -nan
-nan -nan
-nan -nan
-nan -nan
-nan -nan
-nan -nan
-nan -nan
-nan -nan
-nan -nan
-nan -nan
-nan -nan
-nan -nan
-nan -nan
-nan -nan
-nan -nan
-nan -nan
-nan -nan
-nan -nan
-nan -nan
-nan -nan
-nan -nan
-nan -nan
-nan -nan
-nan -nan
-nan -nan
-nan -nan
-nan -nan
-nan -nan
-nan -nan
-nan -nan
-nan -nan
-nan -nan
-nan -nan
-nan -nan
-nan -nan
-nan -nan
-nan -nan
-nan -nan
-nan -nan
-nan -nan
-nan -nan
-nan -nan
-nan -nan
-nan -nan
-nan -nan
-nan -nan
-nan -nan
-nan -nan
-nan -nan
3.84615 0.000924222
3.84615 0.000924222
3.84615 0.000924222
3.57143 0.00184844
3.57143 0.00184844
3.57143 0.00184844
3.57143 0.00184844
3.57143 0.00184844
3.57143 0.00184844
3.57143 0.00184844
3.57143 0.00184844
3.57143 0.00184844
3.57143 0.00184844
3.57143 0.00184844
3.57143 0.00184844
3.57143 0.00184844
3.57143 0.00184844
3.57143 0.00184844
3.57143 0.00184844
3.57143 0.00184844
3.57143 0.00554533
3.33333 0.0138633
3.33333 0.0258782
3.33333 0.0388173
3.33333 0.0462111
3.33333 0.0591502
3.33333 0.0711651
3.57143 0.0794831
3.33333 0.0905737
3.57143 0.101664
3.33333 0.111831
3.125 0.123846
3.125 0.134936
3.125 0.146027
3.125 0.153421
3.125 0.160815
3.33333 0.169133
3.125 0.17761
3.125 0.181306
3.125 0.179299
2.94118 0.182241
3.125 0.184844
3.125 0.186693
2.94118 0.189465
3.125 0.192238
2.94118 0.195011
3.125 0.197783
2.94118 0.200715
2.94118 0.202405
2.94118 0.206101
2.94118 0.20795
2.91308 0.21093
2.94118 0.211488
2.77778 0.212571
2.94118 0.213336
2.77778 0.214587
2.94118 0.215502
2.77778 0.216268
2.94118 0.217192
2.77778 0.218116
2.77778 0.218116
2.77778 0.219965
2.77778 0.219965
2.77778 0.219965
2.77778 0.221813
2.77778 0.221972
2.77778 0.22382
2.77778 0.219965
2.63158 0.215344
2.77778 0.210723
2.77778 0.205177
2.77778 0.205177
2.63158 0.209798
2.63158 0.219041
2.63158 0.23198
2.63158 0.24307
2.63158 0.246767
2.5 0.256767
2.63158 0.270955
2.5 0.290206
2.38095 0.31516
2.38095 0.346749
2.27273 0.384641
2.08333 0.419597
2.04292 0.458139
1.95591 0.488589
1.85856 0.525604
1.77922 0.556325
1.69951 0.582694
1.61057 0.614526
1.53608 0.640569
1.46882 0.661269
1.40655 0.677148
1.34718 0.697455
1.29185 0.713144
1.24053 0.724547
1.19319 0.731511
1.15442 0.733182
1.11875 0.730336
1.09198 0.721916
1.07085 0.708126
1.04278 0.697082
1.01918 0.681138
0.990522 0.671145
0.96431 0.66319
0.938332 0.65132
2.17391 0.426239
2.08333 0.402961
2.27273 0.378931
2.27273 0.354901
2.27273 0.336582
2.27273 0.318098
2.27273 0.299448
2.38095 0.282045
2.27273 0.26819
2.38095 0.252312
2.38095 0.235677
2.5 0.219965
2.38095 0.204253
2.38095 0.193162
2.5 0.179299
2.38095 0.170207
2.38095 0.1582
2.38095 0.145103
2.38095 0.133088
2.38095 0.125694
2.38095 0.115528
2.38095 0.109982
2.38095 0.101664
2.38095 0.0933464
2.38095 0.0841042
2.5 0.0757862
2.38095 0.0674682
2.38095 0.058226
2.38095 0.0545291
2.38095 0.0545291
2.38095 0.0508322
2.38095 0.0508322
2.38095 0.0471353
2.27273 0.04159
2.27273 0.0360446
2.27273 0.0314235
2.27273 0.0258782
2.27273 0.0212571
2.27273 0.016636
2.17391 0.0110907
2.17391 0.0101664
2.17391 0.00739377
2.17391 0.00369689
2.17391 0.000924222
2.17391 -0.00646955
2.17391 -0.0120149
2.17391 -0.0175602
2.17391 -0.0231055
2.17391 -0.0286509
2.08333 -0.034347
2.08333 -0.0389746
2.08333 -0.0443626
2.08333 -0.049908
2.08333 -0.0554533
2 -0.0611495
2 -0.0666949
2 -0.0674682
2 -0.0711651
2 -0.0756353
2 -0.0804073
2 -0.0842613
2 -0.0878011
2 -0.0914979
1.92308 -0.096119
1.92308 -0.099973
1.92308 -0.104588
1.92308 -0.109058
1.92308 -0.112755
1.85185 -0.117376
1.85185 -0.123078
1.85185 -0.127078
1.85185 -0.135861
1.85185 -0.141406
1.85185 -0.146951
1.78571 -0.153421
1.78571 -0.155269
1.78571 -0.160815
1.78571 -0.168052
1.78571 -0.170214
1.78571 -0.172062
1.72414 -0.174678
1.72414 -0.176526
1.72414 -0.18038
1.72414 -0.182228
1.72414 -0.185925
1.72414 -0.188076
1.66667 -0.19039
1.66667 -0.192238
1.72414 -0.195011
1.66667 -0.197783
1.66667 -0.199789
1.66667 -0.197783
1.66667 -0.192395
1.66667 -0.185001
1.66667 -0.177607
1.66667 -0.171905
1.66667 -0.164668
1.66667 -0.16282
1.66667 -0.157274
1.6129 -0.152658
1.6129 -0.146951
1.66667 -0.14233
1.6129 -0.138785
1.6129 -0.137709
1.6129 -0.134169
1.6129 -0.131391
1.6129 -0.128623
1.6129 -0.12477
1.6129 -0.123078
1.6129 -0.119225
1.6129 -0.115528
1.5625 -0.112755
1.6129 -0.109982
1.5625 -0.105361
1.5625 -0.102902
1.5625 -0.103513
1.6129 -0.102589
1.5625 -0.101821
1.5625 -0.0999724
1.5625 -0.0999724
1.5625 -0.0984272
1.5625 -0.096119
1.5625 -0.0962755
1.5625 -0.0942706
1.51515 -0.0925738
1.51515 -0.0916544
1.51515 -0.0898059
1.51515 -0.0882608
1.51515 -0.0859526
1.51515 -0.0841042
1.51515 -0.0822557
1.51515 -0.0822557
1.51515 -0.0804073
1.51515 -0.0785588
1.47059 -0.0765586
1.47059 -0.0747102
1.51515 -0.0730135
1.47059 -0.0720893
1.47059 -0.0700845
1.47059 -0.0685487
1.47059 -0.0685487
1.47059 -0.0683924
1.47059 -0.0702408
1.42857 -0.0674682
1.47059 -0.066544
1.42857 -0.0685442
1.42857 -0.0693166
1.42857 -0.0694729
1.42857 -0.0694729
1.42857 -0.0693166
1.42857 -0.0693166
1.42857 -0.0693166
1.38889 -0.0694685
1.38889 -0.0694685
1.42857 -0.0693166
1.38889 -0.06762
1.38889 -0.06762
1.38889 -0.0682362
1.38889 -0.0683924
1.38889 -0.0683924
1.38889 -0.0685486
1.38889 -0.0683924
1.38889 -0.0685486
1.38889 -0.0685486
1.38889 -0.0707008
1.38889 -0.0683924
1.38889 -0.0683924
1.38889 -0.0683924
1.35135 -0.0685443
1.35135 -0.0694728
1.35135 -0.0694728
1.35135 -0.0694728
1.35135 -0.0694728
1.35135 -0.0685443
1.35135 -0.0693166
1.35135 -0.0693166
1.35135 -0.0693166
1.31579 -0.0694686
1.31579 -0.0694686
1.31579 -0.0694686
1.35135 -0.0693166
1.31579 -0.0694686
1.31579 -0.0696287
1.31579 -0.0691647
1.35135 -0.0693166
1.31579 -0.0702408
1.31579 -0.0683924
1.31579 -0.0685485
1.31579 -0.0685485
1.31579 -0.0685485
1.31579 -0.0685485
1.31579 -0.0688525
1.31579 -0.0685485
1.31579 -0.0683924
1.31579 -0.0683924
1.28205 -0.0694726
1.28205 -0.0693166
1.28205 -0.0694726
1.28205 -0.0694726
1.28205 -0.0694726
1.28205 -0.0694726
1.28205 -0.0694726
1.28205 -0.0693166
1.28205 -0.0693166
1.28205 -0.0702408
1.28205 -0.0693166
1.28205 -0.0694726
1.25 -0.0694687
1.25 -0.0694687
1.25 -0.0694687
1.28205 -0.0693166
1.25 -0.0683924
1.25 -0.0666999
1.25 -0.066544
1.25 -0.066388
1.25 -0.066388
1.25 -0.066388
1.25 -0.066388
1.25 -0.066544
1.25 -0.0666999
1.25 -0.0683924
1.25 -0.0685484
1.25 -0.0685484
1.25 -0.0685484
1.25 -0.0685484
1.25 -0.0685484
1.25 -0.0688525
1.25 -0.0683924
1.25 -0.0683924
1.25 -0.0683924
1.25 -0.0683924
1.21951 -0.0685445
1.25 -0.0683924
1.21951 -0.0685445
1.21951 -0.0685445
1.21951 -0.0685445
1.21951 -0.0685445
1.21951 -0.0685445
1.21951 -0.0685445
1.21951 -0.0694725
1.21951 -0.0694725
1.21951 -0.0693166
1.21951 -0.0693166
1.21951 -0.0693166
1.21951 -0.0693166
1.21951 -0.0693166
1.21951 -0.0693166
1.19048 -0.0694688
1.19048 -0.0694688
1.19048 -0.0694688
1.19048 -0.0694688
1.19048 -0.0694688
1.19048 -0.0694688
1.19048 -0.0694688
1.21951 -0.0693166
1.19048 -0.0694688
1.21951 -0.0693166
1.19048 -0.0691644
1.19048 -0.0691644
1.19048 -0.0691644
1.19048 -0.0691644
1.19048 -0.0691644
1.19048 -0.0691644
1.19048 -0.0691644
1.19048 -0.0694688
1.19048 -0.0703968
1.19048 -0.0685483
1.19048 -0.0685483
1.19048 -0.0685483
1.19048 -0.0685483
1.19048 -0.0685483
1.19048 -0.0685483
1.19048 -0.0685483
1.19048 -0.0685483
1.19048 -0.0685483
1.19048 -0.0683924
1.19048 -0.0683924
1.19048 -0.0683924
1.19048 -0.0683924
1.19048 -0.0683924
1.19048 -0.0683924
1.16279 -0.0694725
1.16279 -0.0693166
1.16279 -0.0694725
1.16279 -0.0694725
1.16279 -0.0694725
1.16279 -0.0694725
1.16279 -0.0694725
1.16279 -0.0694725
1.16279 -0.0694725
1.16279 -0.0694725
1.16279 -0.0694725
1.16279 -0.0694725
1.16279 -0.0694725
1.16279 -0.0694725
1.16279 -0.0694725
1.16279 -0.0703931
1.16279 -0.0685446
1.16279 -0.0685446
1.16279 -0.0697769
1.16279 -0.0693166
1.16279 -0.0693166
1.16279 -0.0693166
1.16279 -0.0693166
1.16279 -0.0693166
1.16279 -0.0693166
1.16279 -0.0693166
1.16279 -0.0693166
1.13636 -0.0694689
1.16279 -0.0693166
1.13636 -0.0694689
1.13636 -0.0694689
1.13636 -0.0694689
1.13636 -0.0694689
1.13636 -0.0694689
1.13636 -0.0694689
1.13636 -0.0694689
1.13636 -0.0694689
1.13636 -0.0694689
1.13636 -0.0694689
1.13636 -0.0694689
1.13636 -0.0694689
1.13636 -0.0694689
1.13636 -0.0694689
1.13636 -0.0694689
1.13636 -0.0694689
1.13636 -0.0694689
1.13636 -0.0694689
1.13636 -0.0694689
1.13636 -0.0694689
1.13636 -0.0694689
1.13636 -0.0702408
1.13636 -0.0683924
1.13636 -0.0683924
1.13636 -0.0683924
1.13636 -0.0683924
1.13636 -0.0683924
1.13636 -0.0683924
1.13636 -0.0682366
1.13636 -0.0682366
1.13636 -0.0682366
1.13636 -0.0682366
1.13636 -0.0682366
1.13636 -0.0682366
1.13636 -0.0682366
1.13636 -0.0682366
1.13636 -0.0682366
1.13636 -0.0682366
1.13636 -0.0682366
1.13636 -0.0682366
1.13636 -0.0682366
1.13636 -0.0683924
1.13636 -0.0683924
1.13636 -0.0683924
1.13636 -0.0683924
1.13636 -0.0693166
1.13636 -0.0693166
1.13636 -0.0694689
1.13636 -0.0694689
1.13636 -0.0694689
1.13636 -0.0694689
1.13636 -0.0694689
1.13636 -0.0703966
1.13636 -0.0685482
1.13636 -0.0685482
1.13636 -0.0685482
1.13636 -0.0685482
1.13636 -0.0685482
1.13636 -0.0685482
1.13636 -0.0685482
1.13636 -0.0685482
1.13636 -0.0685482
1.13636 -0.0685482
1.13636 -0.0685482
1.13636 -0.0685482
1.13636 -0.0685482
1.13636 -0.0685482
1.13636 -0.0685482
1.13636 -0.0685482
1.13636 -0.0688528
1.13636 -0.0683924
1.13636 -0.0683924
1.13636 -0.0683924
1.13636 -0.0683924
1.13636 -0.0683924
1.13636 -0.0683924
1.13636 -0.0683924
1.13636 -0.0683924
1.13636 -0.0683924
1.13636 -0.0683924
1.13636 -0.0683924
1.13636 -0.0683924
1.11111 -0.0685447
1.13636 -0.0683924
1.11111 -0.0694724
1.11111 -0.0703931
1.13636 -0.0683924
1.11111 -0.0676239
1.11111 -0.0685447
1.11111 -0.0685447
1.11111 -0.0685447
1.11111 -0.0685447
1.11111 -0.0685447
1.11111 -0.0685447
1.11111 -0.0685447
1.11111 -0.0685447
1.11111 -0.0685447
1.11111 -0.0685447
1.11111 -0.0685447
1.11111 -0.0685447
1.11111 -0.0685447
1.11111 -0.0685447
1.11111 -0.0685447
1.11111 -0.0685447
1.11111 -0.0685447
1.11111 -0.0685447
1.11111 -0.0685447
1.11111 -0.0685447
1.11111 -0.0685447
1.11111 -0.0685447
1.11111 -0.0685447
1.11111 -0.0685447
1.11111 -0.0685447
1.11111 -0.0685447
1.11111 -0.0685447
1.11111 -0.0685447
1.11111 -0.0685447
1.11111 -0.0685447
1.11111 -0.0685447
1.11111 -0.0685447
1.11111 -0.0685447
1.11111 -0.0694724
1.11111 -0.0694724
1.11111 -0.0694724
1.11111 -0.0694724
1.11111 -0.0694724
1.11111 -0.0694724
1.11111 -0.0694724
1.11111 -0.0694724
1.11111 -0.0694724
1.11111 -0.0694724
1.11111 -0.0694724
1.11111 -0.0694724
1.11111 -0.0694724
1.11111 -0.0694724
1.11111 -0.0694724
1.11111 -0.0694724
1.11111 -0.0694724
1.11111 -0.0694724
1.11111 -0.0694724
1.11111 -0.0694724
1.11111 -0.0694724
1.11111 -0.0694724
1.11111 -0.0694724
1.11111 -0.0694724
1.11111 -0.0694724
1.11111 -0.0694724
1.11111 -0.0694724
1.11111 -0.0694724
1.11111 -0.0694724
1.11111 -0.0694724
1.11111 -0.0694724
1.11111 -0.0694724
1.11111 -0.0694724
1.11111 -0.0694724
1.11111 -0.0694724
1.11111 -0.0694724
1.11111 -0.0694724
1.11111 -0.0694724
1.11111 -0.0694724
1.11111 -0.0694724
1.11111 -0.0694724
1.11111 -0.0694724
1.11111 -0.0694724
1.11111 -0.0694724
1.11111 -0.0694724
1.11111 -0.0694724
1.11111 -0.0694724
1.11111 -0.0694724
1.11111 -0.0694724
1.11111 -0.0694724
1.11111 -0.0694724
1.11111 -0.0694724
1.11111 -0.0694724
1.11111 -0.0694724
1.11111 -0.0694724
1.11111 -0.0694724
1.11111 -0.0694724
1.11111 -0.069777
1.11111 -0.069777
1.11111 -0.0693166
1.11111 -0.0693166
1.11111 -0.0693166
1.11111 -0.0693166
1.11111 -0.0693166
1.11111 -0.0693166
1.11111 -0.0693166
1.11111 -0.0693166
1.11111 -0.0693166
1.11111 -0.0693166
1.11111 -0.0693166
1.11111 -0.0693166
1.11111 -0.0693166
1.11111 -0.0693166
1.11111 -0.0693166
1.11111 -0.0693166
1.11111 -0.0693166
1.11111 -0.0693166
1.11111 -0.0693166
1.11111 -0.0693166
1.11111 -0.0693166
1.08696 -0.0702408
1.08696 -0.0683924
1.11111 -0.0674682
1.08696 -0.0683924
1.08696 -0.0683924
1.08696 -0.0683924
1.08696 -0.0683924
1.08696 -0.0683924
1.11111 -0.0693166
1.08696 -0.0683924
1.08696 -0.0683924
1.11111 -0.0693166
1.11111 -0.0693166
1.11111 -0.0693166
1.11111 -0.0693166
1.11111 -0.0693166
1.11111 -0.0693166
1.11111 -0.0693166
1.11111 -0.0693166
1.08696 -0.0688528
1.08696 -0.0683924
1.08696 -0.0683924
1.08696 -0.0683924
1.08696 -0.0683924
1.11111 -0.0674682
1.11111 -0.0674682
1.11111 -0.0674682
1.11111 -0.0674682
1.11111 -0.0674682
1.08696 -0.0676205
1.08696 -0.0676205
1.08696 -0.0676205
1.08696 -0.0676205
1.08696 -0.0685481
1.08696 -0.0685481
1.08696 -0.0685481
1.08696 -0.0685481
1.08696 -0.0685481
1.08696 -0.0685481
1.08696 -0.0685481
1.08696 -0.0685481
1.08696 -0.0685481
1.08696 -0.0685481
1.08696 -0.0685481
1.08696 -0.0685481
1.08696 -0.0685481
1.08696 -0.0685481
1.08696 -0.0685481
1.08696 -0.0685481
1.08696 -0.0685481
1.08696 -0.0685481
1.08696 -0.0685481
1.08696 -0.0685481
1.08696 -0.0685481
1.08696 -0.0690051
1.08696 -0.0690051
1.08696 -0.0690051
1.08696 -0.069469
1.08696 -0.069469
1.08696 -0.069469
1.08696 -0.069469
1.08696 -0.069469
1.08696 -0.069469
1.08696 -0.069469
1.08696 -0.069469
3.84615 0.000924222
3.84615 0.000924222
3.84615 0.000924222
3.84615 0.000924222
3.84615 0.000924222
3.84615 0.000924222
3.57143 0.000924222
3.57143 0.000924222
3.57143 0.000924222
3.57143 0.000924222
3.57143 0.000924222
3.57143 0.000924222
3.57143 0.000924222
3.57143 0.000924222
3.57143 0.000924222
3.57143 0.000924222
3.56825 0.000924753
3.57143 0.00184844
3.33333 0.000924222
3.33333 0.000924222
3.33333 0.00554533
3.33333 0.0138633
3.33333 0.0258782
3.33333 0.0388173
3.33333 0.0471353
3.33333 0.0591502
3.33333 0.0711651
3.33333 0.0804073
3.33333 0.0914979
3.33333 0.102589
3.33333 0.113679
3.125 0.123846
3.33333 0.135861
3.33333 0.146951
3.33333 0.154345
3.33333 0.161739
3.125 0.170057
3.33333 0.178375
3.125 0.181306
3.125 0.181147
3.125 0.182996
3.125 0.186852
3.125 0.188541
2.94118 0.191314
3.125 0.194087
2.94118 0.196859
3.125 0.197783
2.94118 0.200715
2.94118 0.202405
2.94118 0.206101
2.94118 0.20795
2.94118 0.211488
2.94118 0.211488
2.94118 0.213495
2.94118 0.213495
2.94118 0.215344
2.94118 0.215502
2.77778 0.216436
2.77778 0.218116
2.77778 0.218116
2.77778 0.218116
2.77778 0.219965
2.77778 0.219965
2.77778 0.221813
2.77778 0.221813
2.77778 0.22382
2.77778 0.22382
2.77778 0.219965
2.63158 0.215344
2.77778 0.210723
2.77778 0.205177
2.77778 0.205177
2.77778 0.208874
2.77778 0.218116
2.63158 0.232138
2.63158 0.241222
2.63158 0.244919
2.5 0.25307
2.5 0.268191
2.5 0.286509
2.5 0.310538
2.38095 0.339355
2.27273 0.375234
2.27273 0.406823
2.17391 0.43346
2.12045 0.463726
2.06725 0.484744
2.01774 0.501037
1.97417 0.512286
1.93581 0.518499
1.90658 0.519125
1.88361 0.514408
1.86248 0.504901
2.08333 0.430687
2.08333 0.412203
2.17391 0.389556
2.17391 0.36524
2.27273 0.347507
2.27273 0.327009
2.27273 0.306676
2.27273 0.29004
2.38095 0.272488
2.27273 0.255085
2.38095 0.235677
2.38095 0.219041
2.38095 0.206101
2.38095 0.196859
2.38095 0.18392
2.38095 0.168975
2.38095 0.154187
2.38095 0.141406
2.38095 0.127392
2.5 0.1183
2.38095 0.108134
2.38095 0.102589
2.38095 0.0951948
2.38095 0.0859526
2.27273 0.0739377
2.38095 0.0637713
2.38095 0.0526806
2.38095 0.0471353
2.27273 0.0388173
2.27273 0.0294175
2.27273 0.024954
2.27273 0.0203329
2.27273 0.0147875
2.27273 0.00924222
2.27273 0.00369689
2.17391 -0.00184844
2.17391 -0.00184844
2.17391 -0.00462111
2.17391 -0.00816055
2.17391 -0.0118574
2.17391 -0.0158692
2.17391 -0.0231055
2.17391 -0.0286509
2.17391 -0.0341962
2.17391 -0.0397415
2.08333 -0.0454376
2.08333 -0.0519137
2.08333 -0.0573017
2.08333 -0.0628471
2.08333 -0.0683924
2 -0.0740886
2 -0.0750191
2 -0.0776346
2 -0.0813315
2 -0.0857955
2 -0.0896495
2 -0.0938053
1.92308 -0.0979675
2 -0.102589
1.92308 -0.107367
1.92308 -0.111982
1.92308 -0.116609
1.92308 -0.120149
1.92308 -0.123846
1.85185 -0.128624
1.85185 -0.131391
1.85185 -0.136018
1.85185 -0.139557
1.78571 -0.144179
1.78571 -0.152648
1.85185 -0.158042
1.85185 -0.165436
1.78571 -0.172062
1.78571 -0.177607
1.72414 -0.180386
1.72414 -0.182234
1.78571 -0.184844
1.72414 -0.187774
1.72414 -0.187617
1.72414 -0.191471
1.72414 -0.193319
1.72414 -0.196859
1.72414 -0.198708
1.66667 -0.201172
1.66667 -0.203329
1.66667 -0.207026
1.66667 -0.209036
1.6129 -0.211809
1.6129 -0.213657
1.66667 -0.216425
1.66667 -0.220121
1.6129 -0.217354
1.6129 -0.20996
1.66667 -0.201637
1.6129 -0.196859
1.6129 -0.189465
1.6129 -0.183147
1.6129 -0.176683
1.6129 -0.169289
1.6129 -0.167441
1.6129 -0.161895
1.6129 -0.158198
1.6129 -0.152653
1.6129 -0.147108
1.6129 -0.143254
1.6129 -0.137709
1.6129 -0.137709
1.6129 -0.134012
1.5625 -0.131239
1.5625 -0.127543
1.5625 -0.123846
1.6129 -0.121073
1.5625 -0.118144
1.5625 -0.114603
1.5625 -0.111982
1.5625 -0.109215
1.5625 -0.105518
1.5625 -0.101821
1.5625 -0.103513
1.5625 -0.101664
1.5625 -0.0998159
1.51515 -0.0981192
1.51515 -0.0962707
1.51515 -0.0953512
1.51515 -0.0935028
1.51515 -0.0914979
1.51515 -0.0896495
1.51515 -0.0887253
1.47059 -0.0879528
1.51515 -0.0841042
1.47059 -0.0850284
1.51515 -0.0841042
1.47059 -0.082104
1.47059 -0.0793267
1.47059 -0.0776346
1.47059 -0.0757862
1.47059 -0.0750137
1.47059 -0.074094
1.47059 -0.0720893
1.47059 -0.0703972
1.47059 -0.0683924
1.47059 -0.0683924
1.47059 -0.0683924
1.42857 -0.0685442
1.42857 -0.0694729
1.42857 -0.0694729
1.42857 -0.0694729
1.42857 -0.0693166
1.42857 -0.0693166
1.42857 -0.0693166
1.38889 -0.0694685
1.42857 -0.0693166
1.38889 -0.0702408
1.42857 -0.0674682
1.38889 -0.0654679
1.38889 -0.0657716
1.38889 -0.066544
1.38889 -0.066544
1.38889 -0.0667002
1.38889 -0.0667002
1.38889 -0.0667002
1.38889 -0.0667002
1.35135 -0.0676287
1.38889 -0.0683924
1.35135 -0.0674682
1.35135 -0.0674682
1.35135 -0.0674682
1.35135 -0.0676243
1.35135 -0.0676243
1.35135 -0.0676243
1.35135 -0.0685443
1.35135 -0.0683924
1.35135 -0.0683924
1.35135 -0.0693166
