1.92307 0.0960557
1.92309 0.0960575
1.93856 0.0978597
1.94902 0.10116
1.95837 0.102906
1.96682 0.103864
1.93281 0.102251
1.91809 0.101416
1.91387 0.102231
1.9177 0.102986
1.92474 0.103683
1.93332 0.104381
1.94234 0.107021
1.91287 0.107288
1.9388 0.106588
1.9187 0.107041
1.91225 0.10928
1.91173 0.109645
1.91613 0.111873
1.92289 0.114225
1.93092 0.113473
1.93875 0.115068
1.91103 0.113784
1.89914 0.112982
1.89546 0.112581
1.89841 0.113407
1.90446 0.113986
1.91175 0.114549
1.88607 0.110816
1.90924 0.110953
1.92541 0.113074
1.93797 0.114459
1.9473 0.115261
1.92222 0.114532
1.90974 0.111307
1.90629 0.112669
1.90821 0.113573
1.91333 0.114202
1.91972 0.114605
1.89518 0.11286
1.88542 0.111161
1.88221 0.111112
1.88448 0.110433
1.88964 0.110201
1.89604 0.110313
1.90253 0.110505
1.90901 0.110744
1.88656 0.109707
1.90458 0.112208
1.91749 0.115522
1.89864 0.114484
1.89034 0.113255
1.88724 0.113561
1.88936 0.113818
1.89361 0.114037
1.87176 0.113193
1.86172 0.112789
1.85845 0.113322
1.86043 0.113873
1.86488 0.114247
1.87005 0.114521
1.87556 0.114744
1.88073 0.1157
1.88598 0.116332
1.865 0.114862
1.85515 0.115624
1.8513 0.113743
1.85239 0.114552
1.85586 0.115162
1.86031 0.115581
1.86516 0.115898
1.86979 0.11597
1.8742 0.116192
1.87838 0.116367
1.88249 0.116527
1.88648 0.116668
1.89019 0.11679
1.86983 0.115052
1.85981 0.114128
1.8557 0.113824
1.85687 0.114677
1.85988 0.115252
1.86386 0.115651
1.86806 0.115917
1.87225 0.116115
1.85366 0.1145
1.84473 0.113632
1.86371 0.114983
1.85427 0.11497
1.85126 0.115045
1.85061 0.115321
1.85209 0.117188
1.85477 0.118284
1.85811 0.118824
1.86154 0.119021
1.86484 0.119222
1.86805 0.11934
1.87163 0.119463
1.87455 0.119512
1.8776 0.119585
1.85864 0.11789
1.84933 0.117717
1.84511 0.117824
1.84588 0.118031
1.84813 0.118216
1.85128 0.118388
1.85468 0.118545
1.85807 0.118688
1.86118 0.118809
1.86408 0.118922
1.84668 0.117478
1.83768 0.116794
1.83404 0.116508
1.85407 0.117905
1.84717 0.117256
1.86544 0.118528
1.87617 0.119269
1.86288 0.118032
1.85589 0.118043
1.85254 0.116684
1.85207 0.117691
1.8534 0.118371
1.85559 0.118815
1.85816 0.119072
1.86091 0.119258
1.86344 0.119362
1.86585 0.119444
1.849 0.117905
1.85964 0.118681
1.84711 0.118359
1.84222 0.116554
1.84029 0.115922
1.84084 0.115717
1.84265 0.115721
1.84514 0.11589
1.84757 0.116746
1.84993 0.117945
1.85219 0.118647
1.83572 0.117412
1.82755 0.116716
1.82355 0.115099
1.82311 0.11494
1.82441 0.114984
1.82663 0.11526
1.82889 0.115486
1.83116 0.115441
1.83329 0.115576
1.83502 0.115688
1.83675 0.115789
1.83833 0.115873
1.84039 0.115786
1.84603 0.116078
1.8435 0.115905
1.84459 0.116088
1.8459 0.116197
1.84738 0.116285
1.84886 0.116357
1.85037 0.11642
1.85182 0.116476
1.85346 0.116547
1.83685 0.115533
1.84652 0.11608
1.85268 0.116433
1.83951 0.115191
1.83275 0.115289
1.82962 0.115292
1.82906 0.115463
1.83007 0.115608
1.8316 0.115728
1.83345 0.115816
1.83524 0.11578
1.83683 0.115893
1.83842 0.11599
1.83961 0.116048
1.8408 0.116104
1.84208 0.116162
1.84358 0.116227
1.84477 0.116281
1.81918 0.11403
1.81728 0.113854
1.86943 0.119175
1.82437 0.11464
1.82393 0.11456
1.8236 0.114481
1.82363 0.114534
1.82413 0.114588
1.82467 0.114615
1.82531 0.114633
1.84263 0.115862
1.83652 0.115936
1.83292 0.115372
1.8478 0.117786
1.83948 0.117649
1.852 0.118949
1.84258 0.117579
1.83777 0.116717
1.83514 0.116225
1.83447 0.116127
1.83506 0.116169
1.83608 0.116244
1.83727 0.116325
1.83848 0.116409
1.83961 0.11648
1.84067 0.116538
1.84169 0.11659
1.84268 0.116639
1.8438 0.116692
1.84467 0.116733
1.8456 0.116778
1.84633 0.11811
1.84727 0.11758
1.84801 0.118674
1.86548 0.120018
1.85922 0.118761
1.87302 0.118689
1.88107 0.119217
1.90354 0.119708
1.91501 0.119974
1.92041 0.119438
1.94151 0.120629
1.95252 0.12188
1.97853 0.12286
1.99237 0.123352
2.02059 0.125953
2.03412 0.125815
2.04128 0.125694
2.04504 0.12561
2.06897 0.126482
2.08087 0.126948
2.08819 0.127267
2.1145 0.129912
2.13103 0.129971
2.11521 0.128018
2.12978 0.129567
2.13827 0.129602
2.1685 0.132414
2.18749 0.13415
2.1972 0.134045
2.20237 0.133269
2.23219 0.133933
2.24913 0.134358
2.25879 0.13304
2.26407 0.132388
2.26812 0.131351
2.27108 0.130789
2.3018 0.132731
2.31918 0.132301
2.33112 0.131368
2.33806 0.130027
2.37219 0.130623
2.39297 0.131186
2.37475 0.127972
2.39507 0.128331
2.40703 0.129638
2.4159 0.130625
2.42229 0.130454
2.45856 0.133261
2.48093 0.134963
2.49377 0.134083
2.50215 0.133626
2.50776 0.132573
2.51189 0.13125
2.55059 0.131707
2.57361 0.132248
2.58757 0.130941
2.59701 0.130383
2.60324 0.130308
2.60789 0.129591
2.61248 0.128502
2.6176 0.127199
2.62292 0.126738
2.62879 0.125831
2.63488 0.124666
2.67696 0.126256
2.70241 0.12549
2.72158 0.125289
2.7301 0.125469
2.73694 0.125784
2.74321 0.125192
2.74821 0.123922
2.75304 0.123502
2.79716 0.124523
2.82706 0.125395
2.84462 0.126146
2.81617 0.12384
2.84105 0.123627
2.85647 0.123729
2.86999 0.123914
2.88042 0.123278
2.88872 0.122478
2.89613 0.122286
2.90389 0.122271
2.90972 0.122588
2.916 0.121979
2.92312 0.12187
2.93025 0.121895
2.938 0.121146
2.94633 0.119917
2.99537 0.121481
3.02688 0.122621
3.04636 0.121401
3.05877 0.120912
3.06528 0.120925
3.07265 0.121177
3.07977 0.120539
3.08611 0.119406
3.09443 0.117908
3.10157 0.1173
3.10903 0.116454
3.11685 0.11633
3.17151 0.117134
3.20348 0.117909
3.22611 0.118678
3.23857 0.119307
3.24712 0.119847
3.25495 0.12036
3.26245 0.118567
3.26902 0.11783
3.23084 0.116086
3.25968 0.114925
3.28003 0.114383
3.29772 0.115613
3.30869 0.115773
3.32078 0.114014
3.33108 0.1111
3.33915 0.107862
3.34914 0.104042
3.35756 0.100506
3.36708 0.0956497
3.37602 0.092615
3.38499 0.0895236
3.39335 0.0876777
3.40228 0.0851121
3.4119 0.0821773
3.42049 0.0803541
3.43005 0.0787083
3.43899 0.0774231
3.49809 0.0775578
3.53217 0.0782056
3.55683 0.0767121
3.57196 0.0762138
3.57998 0.0752905
3.58799 0.0751468
3.59599 0.075441
3.60513 0.0772804
3.61388 0.0786685
3.62262 0.0796254
3.63078 0.0813814
3.64008 0.0836705
3.65006 0.0862547
3.65966 0.0899828
3.66956 0.0932186
3.67856 0.0969602
3.689 0.0992304
3.69878 0.101329
3.70852 0.104676
3.71755 0.108506
3.72851 0.113347
3.738 0.116775
3.74744 0.121734
3.75611 0.126253
3.76622 0.13115
3.77547 0.137262
3.78487 0.142933
3.84932 0.148784
3.83353 0.154168
3.82864 0.159914
3.88203 0.167146
3.86272 0.172827
3.85721 0.179512
3.90906 0.188985
3.94367 0.197736
3.91504 0.205157
3.90071 0.211461
3.95195 0.221096
3.929 0.225767
3.97514 0.236155
3.95239 0.242277
3.94445 0.251059
3.94358 0.25946
3.94895 0.264975
3.95706 0.272877
3.96104 0.280644
4.0451 0.298842
4.02128 0.305458
4.06889 0.318715
4.04257 0.324025
4.04836 0.332236
4.05538 0.342207
4.04087 0.352041
4.0419 0.360374
4.04302 0.369385
4.04415 0.378476
4.04487 0.384264
4.04601 0.393477
4.04674 0.399286
4.01257 0.425455
4.01643 0.425199
4.01457 0.432927
4.02869 0.448878
4.03454 0.474321
4.04121 0.494396
4.04846 0.511436
4.05496 0.527045
4.06117 0.542899
4.06824 0.560322
4.07475 0.575818
4.03467 0.578829
4.01636 0.589331
4.01026 0.601763
4.01243 0.61447
4.01692 0.630593
4.02519 0.635807
4.02865 0.662508
4.03699 0.667206
4.03964 0.690664
4.04673 0.695305
4.04969 0.716199
4.05761 0.717157
4.06029 0.735965
4.06647 0.744889
4.07263 0.750706
4.07935 0.757849
4.08474 0.764982
4.09037 0.771021
4.13983 0.794317
4.16623 0.809953
4.18429 0.824634
4.19619 0.837939
4.20105 0.847644
4.20718 0.858088
4.21036 0.866651
4.21414 0.875886
4.21872 0.886059
4.22358 0.896361
4.18539 0.888831
4.21001 0.906212
4.22551 0.921963
4.23997 0.938189
4.24802 0.951772
4.25348 0.96227
4.25884 0.974546
4.22248 0.969977
4.24413 0.991848
4.2606 1.00409
4.26625 1.03352
4.27506 1.04072
4.27537 1.06344
4.27831 1.07949
4.28256 1.096
4.28547 1.1065
4.28888 1.12014
4.29512 1.12543
4.30016 1.13823
4.29546 1.16346
4.3004 1.17187
4.2969 1.19478
4.25819 1.19231
4.23763 1.19666
4.23121 1.19655
4.22336 1.21567
4.22309 1.23191
4.21547 1.24433
4.23307 1.25012
4.22984 1.27646
4.23034 1.29397
4.22965 1.31039
4.23855 1.31337
4.23217 1.33977
4.19647 1.33211
4.21803 1.34861
4.18968 1.34826
4.21163 1.37869
4.21244 1.39386
4.1925 1.37179
4.17645 1.38946
4.20671 1.42814
4.19252 1.42184
4.2102 1.46398
4.18856 1.46294
4.17146 1.47427
4.16195 1.48525
4.15759 1.49678
4.15454 1.51096
4.15265 1.52632
4.15244 1.53854
4.15178 1.55188
4.15099 1.56479
4.14914 1.57991
4.14748 1.59336
4.14585 1.60587
4.14408 1.61875
4.14202 1.63298
4.14019 1.64478
4.13818 1.65723
4.136 1.67036
4.1336 1.68421
4.13137 1.6965
4.12893 1.7095
4.12706 1.7217
4.12473 1.73478
4.12234 1.74685
4.1196 1.75995
4.11685 1.77245
4.11459 1.78454
4.11173 1.79811
4.10898 1.80991
4.10606 1.82187
4.10427 1.83311
4.10149 1.84609
4.0983 1.85911
4.09503 1.87133
4.09204 1.88394
4.08894 1.89554
4.08621 1.90697
4.07477 1.92758
4.07888 1.93423
4.07874 1.94364
4.07762 1.95243
4.07593 1.96475
4.07447 1.97493
4.09915 2.01978
4.10488 2.04943
4.11808 2.06625
4.12256 2.07876
4.11467 2.09435
4.11981 2.10071
4.11865 2.10886
4.11582 2.11902
4.11147 2.12916
4.1068 2.14031
4.10048 2.15564
4.09468 2.16951
4.08953 2.18208
4.08299 2.19886
4.07832 2.21079
4.0735 2.2233
4.06867 2.23553
4.06399 2.24873
4.05956 2.26038
4.05474 2.27255
4.04958 2.2849
4.0446 2.29648
4.03775 2.31255
4.0335 2.3232
4.02928 2.33458
4.02394 2.34724
4.02008 2.35837
4.00575 2.37795
4.0134 2.38277
4.01236 2.39074
4.00905 2.4024
4.0057 2.41338
3.99306 2.42928
3.99534 2.43796
3.99229 2.44916
3.98838 2.45987
3.98485 2.46981
3.97934 2.48176
3.97376 2.49361
3.98662 2.5445
3.97035 2.54205
3.97706 2.58591
3.95597 2.57233
3.9416 2.57027
3.94603 2.61731
3.92695 2.60544
3.91516 2.60502
3.90714 2.61011
3.89616 2.61708
3.8858 2.62366
3.8757 2.63007
3.86649 2.63591
3.85697 2.64195
3.84866 2.64723
3.84796 2.68812
3.83741 2.70166
3.83009 2.71105
3.81982 2.72423
3.81342 2.73246
3.80641 2.74145
3.79702 2.7535
3.79047 2.7619
3.77975 2.77566
3.77155 2.78618
3.76295 2.79722
3.75459 2.80795
3.74458 2.82079
3.73594 2.83188
3.72851 2.84141
3.71923 2.85332
3.70979 2.86543
3.69947 2.87869
3.69083 2.88977
3.67993 2.90376
3.66949 2.91716
3.65896 2.93067
3.64922 2.94317
3.6397 2.95538
3.63093 2.96664
3.619 2.98195
3.61082 2.99245
3.60268 3.0029
3.53138 2.86714
3.5177 2.87245
3.50545 2.87721
3.49271 2.88216
3.47078 2.83893
3.47369 2.87756
3.45557 2.86322
3.44616 2.89614
3.43171 2.88195
3.4169 2.87827
3.40526 2.87891
3.39293 2.87944
3.37829 2.88007
3.36067 2.89644
3.35181 2.90362
3.34085 2.91131
3.32999 2.91829
3.32786 2.92394
3.3048 2.93038
3.29159 2.93654
3.28007 2.99145
3.27534 2.97242
3.25051 2.96644
3.24175 2.96448
3.22981 2.96577
3.22011 2.97081
3.19174 2.97587
3.18724 2.98114
3.16261 2.98638
3.16284 2.95782
3.14056 2.97843
3.13609 2.99293
3.11585 3.0033
3.1112 3.01242
3.09139 3.01795
3.08731 3.02372
3.07604 3.03094
3.05133 3.03302
3.03776 3.03811
3.03813 3.04192
3.03019 3.04596
3.01801 3.05187
3.0089 3.05629
2.99954 3.06084
2.98974 3.06559
2.98009 3.07028
2.96929 3.07552
2.95998 3.08004
2.95013 3.08482
2.94031 3.08959
2.92917 3.09499
2.91709 3.10086
2.90735 3.10558
2.89676 3.11072
2.886 3.11595
2.87512 3.12123
2.86565 3.12583
2.85593 3.13055
2.84453 3.13608
2.83514 3.14064
2.8259 3.14512
2.81561 3.15012
2.80619 3.15469
2.7952 3.16002
2.78481 3.16507
2.77517 3.16974
2.76528 3.17455
2.75598 3.17906
2.74905 3.18243
2.73795 3.18781
2.72889 3.19221
2.71899 3.19702
2.70714 3.20277
2.69887 3.20678
2.68831 3.21191
2.67975 3.21607
2.66788 3.22182
2.65667 3.22727
2.64723 3.23185
2.64013 3.23529
2.63069 3.23988
2.6202 3.24497
2.61377 3.24809
2.62249 2.98873
2.64575 2.96342
2.64515 2.9495
2.64413 2.9487
2.63868 2.94756
2.6396 2.92498
2.63379 2.91352
2.62449 2.90557
2.61318 2.90238
2.60058 2.90122
2.5886 2.90094
2.57786 2.90079
2.55501 2.92168
2.53646 2.93234
2.52221 2.93754
2.51249 2.9382
2.50357 2.93772
2.48189 2.95913
2.46856 2.9688
2.45389 2.97582
2.4457 2.97631
2.43765 2.97544
2.42846 2.97362
2.41994 2.97148
2.41247 2.96919
2.38765 2.99038
2.3701 3.0015
2.35627 3.00646
2.3432 3.00793
2.33338 3.00621
2.3236 3.00372
2.31452 3.00096
2.28735 3.0222
2.26689 3.03302
2.25286 3.03647
2.23976 3.0372
2.22326 3.03564
2.21308 3.03117
2.19899 3.02698
2.18841 3.02272
2.17572 3.0184
2.16333 3.01429
2.15068 3.01051
2.14651 3.01161
2.12647 3.00236
2.11244 2.99642
2.0993 2.99159
2.08696 2.98732
2.07527 2.9836
2.06358 2.97974
2.05774 2.98092
2.03972 2.97041
2.02826 2.96569
2.01339 2.96028
2.00301 2.95647
1.99571 2.95715
1.97569 2.94419
1.96491 2.94012
1.95464 2.93634
1.9435 2.93181
1.93774 2.93199
1.91977 2.91992
1.91515 2.92103
1.89733 2.90918
1.86553 2.93576
1.86547 2.91218
1.86386 2.90312
1.85771 2.8956
1.84873 2.8897
1.83896 2.88504
1.82756 2.87954
1.82226 2.88018
1.80404 2.86626
1.79486 2.86299
1.78475 2.85854
1.77987 2.85915
1.76343 2.84589
1.72484 2.86283
1.70108 2.86744
1.69055 2.87278
1.67234 2.85897
1.66441 2.85438
1.65482 2.84831
1.64559 2.84262
1.63659 2.8373
1.62699 2.83188
1.61684 2.8263
1.60722 2.82103
1.59749 2.81569
1.58825 2.81101
1.54801 2.82515
1.52221 2.8279
1.50516 2.82688
1.49362 2.82262
1.48363 2.81693
1.47333 2.81033
1.46387 2.80362
1.45412 2.79683
1.44534 2.79146
1.43659 2.78624
1.42739 2.7806
1.38682 2.79151
1.35706 2.79401
1.33599 2.79154
1.35556 2.77062
1.36499 2.7577
1.36542 2.74741
1.36022 2.73891
1.35256 2.73421
1.30985 2.74469
1.31603 2.73345
1.28024 2.73841
1.25899 2.73784
1.24256 2.73573
1.23074 2.73048
1.22048 2.7251
1.21246 2.71863
1.20482 2.71329
1.19676 2.70703
1.18719 2.70087
1.1792 2.69621
1.17003 2.68995
1.12375 2.69864
1.09414 2.6998
1.07572 2.69778
1.06273 2.69307
1.0518 2.68672
1.08236 2.66686
1.05674 2.66838
1.03881 2.66558
1.02502 2.66186
1.01092 2.65653
1.00175 2.65202
0.992722 2.64711
0.979576 2.63159
0.932079 2.64828
0.90154 2.65068
0.881434 2.65022
0.866745 2.6368
0.900078 2.63018
0.910975 2.61033
0.91833 2.61366
0.914339 2.60506
0.903148 2.58915
0.896083 2.5927
0.885415 2.5872
0.875443 2.5822
0.861975 2.56633
0.814062 2.57973
0.781976 2.58462
0.761047 2.57487
0.744789 2.57968
0.737849 2.57796
0.73244 2.57375
0.721084 2.55657
0.716166 2.56223
0.707242 2.55877
0.699932 2.55516
0.688997 2.53951
0.681545 2.54079
0.671124 2.53805
0.662779 2.53515
0.611488 2.53813
0.618262 2.52217
0.623667 2.52974
0.578189 2.53002
0.547599 2.53373
0.530238 2.53306
0.513791 2.5291
0.54847 2.51775
0.520241 2.51618
0.501381 2.51412
0.484063 2.51212
0.473151 2.50846
0.461408 2.50485
0.450926 2.4994
0.442471 2.49378
0.433964 2.48972
0.425598 2.48476
0.369892 2.48706
0.378848 2.47657
0.380764 2.46777
0.380259 2.4619
0.375376 2.4574
0.368886 2.45386
0.359954 2.44927
0.349667 2.44523
0.340763 2.44071
0.33194 2.43624
0.32013 2.43015
0.310575 2.42622
0.301577 2.42205
0.292688 2.41756
0.2831 2.41352
0.275138 2.40965
0.216256 2.40851
0.180509 2.40671
0.157154 2.40319
0.141811 2.39841
0.133965 2.39464
0.124024 2.38941
0.115318 2.3836
0.107216 2.36877
0.0970521 2.36847
0.0877812 2.36812
0.0793062 2.3669
0.0691434 2.36426
0.0605893 2.36046
0.0511482 2.35563
0.039431 2.35012
0.0301336 2.33558
0.0189891 2.3365
0.00946363 2.33659
-0.00113143 2.33365
-0.00890592 2.33094
-0.0194436 2.32588
-0.0314448 2.30901
-0.0392814 2.31905
-0.0524731 2.31339
-0.0600726 2.30184
-0.122676 2.31258
-0.10427 2.30118
-0.101053 2.29907
-0.101601 2.29816
-0.105495 2.29887
-0.113828 2.30149
-0.122805 2.30576
-0.132411 2.31042
-0.142778 2.31652
-0.151732 2.32366
-0.112629 2.32957
-0.0955942 2.33412
-0.0906827 2.33923
-0.0943433 2.34424
-0.103162 2.34946
-0.113503 2.35515
-0.124509 2.36038
-0.134246 2.36424
-0.145282 2.36797
-0.155098 2.36919
-0.164728 2.36855
-0.173866 2.36537
-0.184303 2.36089
-0.193651 2.35424
-0.254607 2.34561
-0.29224 2.33458
-0.312279 2.32597
-0.27618 2.31497
-0.260193 2.3047
-0.254108 2.29141
-0.257353 2.28112
-0.264781 2.26965
-0.274209 2.25983
-0.285131 2.24861
-0.295374 2.23891
-0.305644 2.22916
-0.316111 2.21795
-0.324815 2.21878
-0.332488 2.19826
-0.340586 2.19844
-0.35153 2.18119
-0.313292 2.18741
-0.298283 2.17459
-0.293597 2.17583
-0.296572 2.16912
-0.304305 2.16265
-0.270241 2.1471
-0.25922 2.15189
-0.25703 2.14473
-0.26054 2.13456
-0.267632 2.12203
-0.276243 2.11254
-0.284589 2.10147
-0.293391 2.08967
-0.302211 2.0791
-0.309229 2.07158
-0.316194 2.06388
-0.322614 2.0577
-0.329281 2.05045
-0.336316 2.04432
-0.385595 2.03328
-0.41457 2.02309
-0.389836 2.02052
-0.377297 2.0181
-0.37303 2.01382
-0.374452 2.00808
-0.379451 2.00217
-0.386171 1.99626
-0.393076 1.99027
-0.400152 1.98375
-0.451308 1.96994
-0.435918 1.95912
-0.475611 1.95582
-0.49925 1.94617
-0.510383 1.92895
-0.520284 1.93291
-0.526987 1.92566
-0.531944 1.90604
-0.539454 1.90908
-0.54517 1.90426
-0.551736 1.89894
-0.557929 1.89165
-0.610724 1.87569
-0.640983 1.85557
-0.667253 1.86099
-0.673947 1.84638
-0.681389 1.85102
-0.684548 1.8326
-0.691316 1.83692
-0.69554 1.81924
-0.704544 1.82384
-0.709416 1.80624
-0.71924 1.80954
-0.72423 1.7904
-0.684588 1.80713
-0.716565 1.78556
-0.739235 1.77624
-0.754674 1.77081
-0.763657 1.76523
-0.773649 1.75985
-0.781221 1.75372
-0.788259 1.74804
-0.795967 1.74183
-0.802834 1.73626
-0.80974 1.73096
-0.817861 1.72347
-0.826139 1.72608
-0.831061 1.70474
-0.841726 1.7096
-0.847089 1.69443
-0.855828 1.6917
-0.864257 1.68761
-0.871158 1.68336
-0.879338 1.67758
-0.887067 1.67173
-0.945939 1.65133
-0.977866 1.63703
-1.00202 1.63703
-1.00634 1.6177
-1.0146 1.6114
-1.02064 1.60638
-1.02736 1.60202
-1.03424 1.59722
-1.04221 1.59127
-1.04953 1.58535
-1.05917 1.57771
-1.06669 1.57166
-1.07515 1.56492
-1.0833 1.55842
-1.09164 1.55311
-1.10028 1.54828
-1.10819 1.54027
-1.11594 1.53434
-1.12481 1.52869
-1.13405 1.52207
-1.14157 1.51621
-1.20054 1.49291
-1.18569 1.4937
-1.18085 1.49381
-1.23305 1.47596
-1.26405 1.46331
-1.28323 1.45617
-1.29907 1.44802
-1.30898 1.44084
-1.31605 1.43422
-1.32305 1.42735
-1.33035 1.42168
-1.33901 1.41601
-1.34704 1.40987
-1.35479 1.40346
-1.36403 1.39714
-1.37322 1.39152
-1.38177 1.38523
-1.39059 1.37812
-1.3998 1.37315
-1.40919 1.36665
-1.41816 1.35957
-1.37643 1.36838
-1.35545 1.36865
-1.3489 1.36422
-1.35183 1.35453
-1.35828 1.34328
-1.36643 1.33133
-1.32751 1.33629
-1.31003 1.33153
-1.30664 1.33201
-1.3042 1.30906
-1.31233 1.30448
-1.31541 1.28356
-1.32341 1.27278
-1.33484 1.27661
-1.34105 1.26237
-1.34838 1.25723
-1.35702 1.25414
-1.36609 1.25385
-1.37677 1.25595
-1.38783 1.25873
-1.39723 1.26049
-1.4078 1.26242
-1.41739 1.26278
-1.4263 1.26272
-1.43719 1.26378
-1.44685 1.26536
-1.45723 1.2663
-1.4685 1.26889
-1.4779 1.27011
-1.48752 1.27071
-1.49862 1.27307
-1.50878 1.27427
-1.51958 1.27491
-1.53007 1.27721
-1.53958 1.27828
-1.54928 1.27876
-1.55857 1.28087
-1.56971 1.28219
-1.57983 1.28273
-1.58979 1.28394
-1.59971 1.28556
-1.65769 1.26861
-1.64468 1.27846
-1.68917 1.2698
-1.7194 1.27199
-1.73984 1.27208
-1.75613 1.27335
-1.76515 1.27471
-1.77455 1.27648
-1.78366 1.27605
-1.79423 1.27783
-1.80324 1.27869
-1.81341 1.2791
-1.82524 1.28141
-1.83602 1.28255
-1.84697 1.2851
-1.85763 1.28633
-1.86884 1.28687
-1.87923 1.2869
-1.89034 1.28891
-1.90103 1.28989
-1.91247 1.29037
-1.92281 1.29043
-1.92765 1.27537
-1.93999 1.28476
-1.95337 1.29343
-1.96664 1.3007
-1.97811 1.30415
-1.98843 1.30533
-1.99854 1.30556
-2.00959 1.30451
-2.01936 1.30506
-2.03017 1.30578
-2.04008 1.30651
-2.05069 1.30735
-2.06099 1.3082
-2.072 1.31022
-2.13665 1.29831
-2.17474 1.29259
-2.19902 1.29011
-2.21648 1.28964
-2.22737 1.29182
-2.2366 1.29503
-2.24426 1.29727
-2.255 1.29911
-2.26632 1.30065
-2.27522 1.30164
-2.28732 1.30397
-2.29851 1.30563
-2.31065 1.30822
-2.32035 1.30861
-2.33194 1.30831
-2.28779 1.31945
-2.26948 1.32039
-2.26436 1.31881
-2.26943 1.31713
-2.27802 1.31089
-2.2879 1.30238
-2.29753 1.29325
-2.30695 1.28222
-2.26642 1.2851
-2.24771 1.28018
-2.24303 1.27399
-2.24577 1.26546
-2.25238 1.2559
-2.26143 1.2474
-2.27104 1.24144
-2.28059 1.23656
-2.29022 1.23453
-2.30082 1.23446
-2.3117 1.23565
-2.32209 1.23383
-2.33362 1.24445
-2.34454 1.25142
-2.35564 1.25864
-2.36765 1.26777
-2.38193 1.27815
-2.39302 1.28631
-2.40388 1.29147
-2.41544 1.29848
-2.42667 1.30619
-2.43746 1.31324
-2.44902 1.32142
-2.45994 1.32872
-2.47222 1.3375
-2.48336 1.34587
-2.49523 1.35493
-2.50748 1.3644
-2.51524 1.36128
-2.52795 1.38076
-2.53635 1.38019
-2.54879 1.39872
-2.55779 1.39959
-2.57089 1.42242
-2.58008 1.42322
-2.59214 1.43638
-2.60152 1.44551
-2.56492 1.46062
-2.59663 1.46682
-2.57332 1.47927
-2.56603 1.48557
-2.6133 1.48809
-2.5981 1.49641
-2.64212 1.50138
-2.66807 1.50893
-2.64372 1.52397
-2.67951 1.53281
-2.65481 1.54503
-2.69155 1.5481
-2.67095 1.55786
-2.66463 1.56784
-2.71032 1.57713
-2.7413 1.58697
-2.76317 1.59595
-2.73203 1.60688
-2.76343 1.61584
-2.73861 1.62687
-2.77546 1.63572
-2.75384 1.64524
-2.74673 1.65286
-2.79191 1.66217
-2.82325 1.67313
-2.84546 1.68432
-2.85676 1.68343
-2.86727 1.70401
-2.87425 1.7149
-2.88174 1.72506
-2.88878 1.72239
-2.89708 1.74259
-2.85655 1.75103
-2.88601 1.76325
-2.90594 1.77144
-2.92346 1.78067
-2.93579 1.78825
-2.94561 1.7978
-2.95441 1.8066
-2.91659 1.81162
-2.94604 1.82345
-2.96659 1.83703
-2.9825 1.8491
-2.99438 1.8489
-3.00207 1.87276
-3.00995 1.88059
-3.01749 1.88908
-3.02516 1.88633
-3.0311 1.90612
-3.03868 1.91595
-3.04632 1.92582
-3.05452 1.93653
-3.06197 1.94752
-3.07019 1.94757
-3.07554 1.97197
-3.08294 1.98654
-3.0897 1.99872
-3.09786 2.00098
-3.10224 2.02337
-3.10933 2.03538
-3.11684 2.04684
-3.12508 2.04529
-3.13034 2.06632
-3.13679 2.07878
-3.14338 2.08846
-3.15032 2.09752
-3.15746 2.10638
-3.16482 2.11606
-3.17185 2.12466
-3.1785 2.13424
-3.18607 2.14473
-3.19296 2.1527
-3.19914 2.15909
-3.2065 2.16798
-3.26315 2.18885
-3.29664 2.20227
-3.26636 2.19839
-3.30223 2.21132
-3.32283 2.22023
-3.33608 2.22693
-3.34627 2.23331
-3.35403 2.23914
-3.36098 2.24488
-3.36838 2.25043
-3.37487 2.25504
-3.38265 2.26075
-3.44281 2.28016
-3.42712 2.27931
-3.42083 2.28373
-3.47267 2.30019
-3.5029 2.31942
-3.52985 2.30977
-3.54098 2.32316
-3.55219 2.32069
-3.56101 2.31976
-3.56816 2.32007
-3.5776 2.32166
-3.58709 2.32237
-3.59639 2.32403
-3.60658 2.32513
-3.61598 2.32697
-3.62805 2.32721
-3.63802 2.32734
-3.64804 2.32784
-3.60708 2.31301
-3.64189 2.31838
-3.6672 2.32085
-3.68751 2.32169
-3.7039 2.32113
-3.71596 2.3198
-3.72672 2.31705
-3.73808 2.31467
-3.75079 2.31235
-3.76108 2.30945
-3.77226 2.30711
-3.78404 2.30496
-3.79527 2.30209
-3.80523 2.2992
-3.81852 2.29467
-3.83039 2.29116
-3.84526 2.28499
-3.85551 2.28043
-3.86658 2.27641
-3.87819 2.27157
-3.89027 2.26694
-3.90379 2.2575
-3.91647 2.25086
-3.9287 2.2439
-3.94192 2.23614
-3.90149 2.21845
-3.93718 2.2169
-3.94492 2.20996
-3.98018 2.20947
-3.946 2.19241
-3.98816 2.19247
-3.96327 2.17807
-3.95706 2.16562
-3.95853 2.15637
-3.96352 2.16089
-3.97635 2.14367
-3.99004 2.13293
-4.00314 2.1244
-4.01571 2.1164
-4.0269 2.10947
-4.03859 2.10183
-4.05185 2.09383
-4.06418 2.0859
-4.07485 2.07859
-4.08629 2.07046
-4.09608 2.06331
-4.10785 2.05471
-4.11902 2.04647
-4.13025 2.03814
-4.13988 2.04013
-4.10115 2.01346
-4.13422 2.01698
-4.10846 2.00284
-4.15175 1.99839
-4.13012 1.98835
-4.17567 1.98047
-4.15196 1.97224
-4.19472 1.96903
-4.22489 1.95636
-4.19093 1.96194
-4.22872 1.95562
-4.20248 1.94518
-4.24493 1.93949
-4.27069 1.9353
-4.24083 1.91339
-4.22756 1.91322
-4.22527 1.90435
-4.28223 1.89643
-4.265 1.88611
-4.31265 1.87509
-4.29062 1.86422
-4.33408 1.85446
-4.36095 1.84599
-4.37889 1.83967
-4.3935 1.83193
-4.35103 1.82213
-4.38418 1.81487
-4.40637 1.8055
-4.42443 1.79448
-4.38591 1.78626
-4.4197 1.77637
-4.39288 1.76841
-4.43391 1.7635
-4.45857 1.75883
-4.4792 1.75032
-4.49114 1.74273
-4.50327 1.73354
-4.51447 1.72358
-4.52007 1.71569
-4.52947 1.70457
-4.53805 1.69492
-4.54623 1.68629
-4.55648 1.67602
-4.56475 1.66795
-4.57237 1.66059
-4.5823 1.65097
-4.59032 1.64317
-4.59999 1.63496
-4.60943 1.62621
-4.61886 1.61704
-4.62681 1.60902
-4.63606 1.59959
-4.64448 1.59084
-4.65272 1.58222
-4.66223 1.57222
-4.66979 1.56416
-4.67856 1.55479
-4.68904 1.54355
-4.6959 1.53607
-4.70403 1.52735
-4.71281 1.51762
-4.72127 1.50817
-4.73008 1.49828
-4.73835 1.4889
-4.74591 1.48146
-4.75475 1.47325
-4.76362 1.46408
-4.77169 1.45509
-4.77901 1.44771
-4.78818 1.43764
-4.79829 1.42665
-4.80475 1.42095
-4.8129 1.41348
-4.82075 1.40749
-4.8283 1.40227
-4.83884 1.39479
-4.84658 1.38945
-4.90578 1.37191
-4.89194 1.36985
-4.93871 1.34391
-4.91482 1.34664
-4.95602 1.32455
-4.97848 1.30895
-4.9989 1.298
-5.01048 1.28885
-5.01884 1.28076
-5.02657 1.27122
-5.03443 1.26317
-5.04128 1.25436
-5.0482 1.24616
-5.05588 1.23627
-5.06442 1.22628
-5.0729 1.21545
-5.08107 1.20446
-5.08859 1.194
-5.09678 1.18347
-5.10463 1.17155
-5.1123 1.16058
-5.12009 1.14789
-5.12757 1.13632
-5.13497 1.12526
-5.14269 1.11228
-5.09806 1.1164
-5.12878 1.09545
-5.09792 1.09493
-5.13684 1.07125
-5.11077 1.06744
-5.10036 1.0575
-5.09603 1.04324
-5.0975 1.02777
-5.10233 1.01127
-5.10872 0.996918
-5.11537 0.981564
-5.12138 0.968065
-5.12775 0.954049
-5.13386 0.938903
-5.13871 0.925655
-5.09718 0.930693
-5.12393 0.906529
-5.09498 0.909441
-5.13039 0.886558
-5.10559 0.887255
-5.14154 0.861398
-5.11948 0.867654
-5.14731 0.8239
-5.12148 0.82191
-5.10608 0.805551
-5.09834 0.790707
-5.0966 0.775928
-5.09877 0.762882
-5.10238 0.748693
-5.10642 0.735313
-5.10998 0.72176
-5.11311 0.707321
-5.11578 0.692815
-5.1186 0.679004
-5.12084 0.665299
-5.12274 0.651405
-5.1246 0.636788
-5.12614 0.623043
-5.16946 0.5846
-5.19661 0.554233
-5.16764 0.561328
-5.1512 0.558452
-5.18341 0.52421
-5.20231 0.498897
-5.16665 0.495961
-5.15592 0.502281
-5.19073 0.472192
-5.16992 0.475345
-5.16006 0.470842
-5.1543 0.461395
-5.15211 0.448344
-5.1528 0.435511
-5.15432 0.421851
-5.15678 0.408236
-5.15283 0.385552
-5.16063 0.379607
-5.16316 0.366827
-5.16458 0.353514
-5.16528 0.340295
-5.16591 0.327286
-5.16604 0.31184
-5.16688 0.29948
-5.16699 0.286067
-5.16791 0.27336
-5.16189 0.251561
-5.16802 0.242962
-5.17104 0.232329
-5.17251 0.221955
-5.17335 0.209221
-5.17367 0.195987
-5.17363 0.183838
-5.17358 0.169504
-5.16733 0.14802
-5.21408 0.10871
-5.19662 0.115856
-5.18151 0.1049
-5.18064 0.103054
-5.21451 0.0583892
-5.23188 0.0270857
-5.24069 0.00634438
-5.24428 -0.0110695
-5.24438 -0.0253562
-5.24378 -0.0377796
-5.20099 -0.023344
-5.18918 -0.00881272
-5.21452 -0.0449937
-5.23163 -0.073587
-5.20414 -0.0563651
-5.19034 -0.053559
-5.17453 -0.0666329
-5.1813 -0.0670211
-5.18035 -0.0784341
-5.1727 -0.0997581
-5.18297 -0.104732
-5.18453 -0.115824
-5.17689 -0.137121
-5.18587 -0.141505
-5.18636 -0.153082
-5.18621 -0.165668
-5.17851 -0.184361
-5.18702 -0.18815
-5.1796 -0.20628
-5.18744 -0.211226
-5.1787 -0.230616
-5.18769 -0.233455
-5.17987 -0.251485
-5.18084 -0.262491
-5.18146 -0.273354
-5.18172 -0.284459
-5.1817 -0.296231
-5.21241 -0.346851
-5.19946 -0.33875
-5.22447 -0.377842
-5.23776 -0.401006
-5.24414 -0.418601
-5.24605 -0.432723
-5.24572 -0.445446
-5.24434 -0.457694
-5.24419 -0.466328
-5.24361 -0.476914
-5.24278 -0.488655
-5.24187 -0.500391
-5.24098 -0.512706
-5.24184 -0.523741
-5.24195 -0.536428
-5.24153 -0.548432
-5.24094 -0.560301
-5.24088 -0.5711
-5.24121 -0.582714
-5.24086 -0.595139
-5.24008 -0.606884
-5.24004 -0.619151
-5.24016 -0.632133
-5.23955 -0.643775
-5.23943 -0.655566
-5.23959 -0.666637
-5.26983 -0.723067
-5.25603 -0.712357
-5.24953 -0.710685
-5.2458 -0.713301
-5.24405 -0.720048
-5.24345 -0.729303
-5.24335 -0.73978
-5.2697 -0.796692
-5.25741 -0.789911
-5.25038 -0.791003
-5.27209 -0.839186
-5.28585 -0.872948
-5.29323 -0.895874
-5.29594 -0.911712
-5.29687 -0.926786
-5.29654 -0.935412
-5.29593 -0.946426
-5.29465 -0.956127
-5.29363 -0.966083
-5.28213 -0.984891
-5.2904 -0.993337
-5.29325 -1.00306
-5.29565 -1.01472
-5.29634 -1.02523
-5.29637 -1.03789
-5.29686 -1.04945
-5.29667 -1.06144
-5.28564 -1.08139
-5.29874 -1.08627
-5.30003 -1.09651
-5.30013 -1.10863
-5.27536 -1.07133
-5.2774 -1.11112
-5.28641 -1.1344
-5.29018 -1.15577
-5.29154 -1.17247
-5.29159 -1.18718
-5.292 -1.19886
-5.2925 -1.20949
-5.29209 -1.22089
-5.28041 -1.24048
-5.29316 -1.24405
-5.2946 -1.25276
-5.2949 -1.26581
-5.2844 -1.28431
-5.29684 -1.28903
-5.29635 -1.30048
-5.28441 -1.31912
-5.29424 -1.32599
-5.29609 -1.3361
-5.27516 -1.29879
-5.2824 -1.33421
-5.28578 -1.35985
-5.28848 -1.38036
-5.2791 -1.40143
-5.29345 -1.40788
-5.28684 -1.42304
-5.29943 -1.42741
-5.29207 -1.44168
-5.29153 -1.45342
-5.29122 -1.46517
-5.2916 -1.47604
-5.29234 -1.48759
-5.29306 -1.4987
-5.2938 -1.51126
-5.29417 -1.52139
-5.29479 -1.53217
-5.29536 -1.54383
-5.2957 -1.55621
-5.29601 -1.56679
-5.29635 -1.57797
-5.29671 -1.58942
-5.29709 -1.60204
-5.29738 -1.61244
-5.29765 -1.62203
-5.30016 -1.63237
-5.30406 -1.64413
-5.30806 -1.65357
-5.31299 -1.6616
-5.32042 -1.67128
-5.32891 -1.68028
-5.33642 -1.68713
-5.34635 -1.69365
-5.35644 -1.70076
-5.36431 -1.70755
-5.37207 -1.71806
-5.35661 -1.67561
-5.37311 -1.70834
-5.36188 -1.68073
-5.35516 -1.67407
-5.35038 -1.67684
-5.34787 -1.68525
-5.34473 -1.69839
-5.34155 -1.71206
-5.33823 -1.72542
-5.3343 -1.7393
-5.33036 -1.75267
-5.32672 -1.765
-5.32246 -1.77845
-5.31868 -1.79013
-5.31495 -1.80158
-5.31088 -1.81403
-5.3074 -1.82454
-5.30313 -1.83781
-5.29938 -1.84921
-5.29525 -1.86153
-5.2913 -1.87318
-5.28865 -1.88343
-5.28415 -1.89774
-5.28063 -1.90857
-5.27665 -1.92019
-5.28381 -1.92793
-5.27034 -1.94235
-5.263 -1.95429
-5.25686 -1.96656
-5.25145 -1.97901
-5.25948 -1.9867
-5.24551 -2.00016
-5.24008 -2.01164
-5.23459 -2.02467
-5.24054 -2.03338
-5.22362 -2.04752
-5.22064 -2.05785
-5.22948 -2.06465
-5.21846 -2.07784
-5.22189 -2.14273
-5.20746 -2.13185
-5.19837 -2.13071
-5.20249 -2.18448
-5.19864 -2.16597
-5.18229 -2.16322
-5.18603 -2.21628
-5.1853 -2.25168
-5.18278 -2.27891
-5.19131 -2.29215
-5.16451 -2.25462
-5.16608 -2.28914
-5.16136 -2.31419
-5.16855 -2.3303
-5.15443 -2.34805
-5.14782 -2.36158
-5.14367 -2.37371
-5.14264 -2.38369
-5.14136 -2.39419
-5.13999 -2.4051
-5.13967 -2.41667
-5.13777 -2.42717
-5.13565 -2.43882
-5.13262 -2.44929
-5.12987 -2.46096
-5.12742 -2.47267
-5.12428 -2.48325
-5.12172 -2.49397
-5.11822 -2.50547
-5.11463 -2.51774
-5.11031 -2.52892
-5.11849 -2.5384
-5.10342 -2.5508
-5.09509 -2.56223
-5.08796 -2.5748
-5.08109 -2.58742
-5.07457 -2.5995
-5.08008 -2.60862
-5.0611 -2.62296
-5.05163 -2.6344
-5.04265 -2.64606
-5.04667 -2.65591
-5.02751 -2.66916
-5.01949 -2.68094
-5.02221 -2.69091
-5.00223 -2.70341
-5.00331 -2.71342
-4.99747 -2.72373
-4.99131 -2.73588
-4.96486 -2.7489
-4.96284 -2.76031
-4.93917 -2.77342
-4.93797 -2.72858
-4.92739 -2.76517
-4.91742 -2.77287
-4.90787 -2.78024
-4.89757 -2.7882
-4.88489 -2.79798
-4.87232 -2.8459
-4.86179 -2.86098
-4.85062 -2.87699
-4.83641 -2.80226
-4.82563 -2.79502
-4.81459 -2.78761
-4.80528 -2.78137
-4.79249 -2.77279
-4.78255 -2.76612
-4.77118 -2.75849
-4.76097 -2.75164
-4.74754 -2.74263
-4.73601 -2.73489
-4.72496 -2.72747
-4.71189 -2.71871
-4.69865 -2.70982
-4.6869 -2.70194
-4.67789 -2.69589
-4.66787 -2.68917
-4.65357 -2.67958
-4.64328 -2.67267
-4.63199 -2.6651
-4.62128 -2.65791
-4.60969 -2.65014
-4.60223 -2.64513
-4.59019 -2.63705
-4.58031 -2.63042
-4.5685 -2.6225
-4.55805 -2.61548
-4.54707 -2.60812
-4.53749 -2.60169
-4.52412 -2.59272
-4.5141 -2.58599
-4.50425 -2.57939
-4.49727 -2.5747
-4.48879 -2.56901
-4.53134 -2.77351
-4.51822 -2.77612
-4.52294 -2.78754
-4.52077 -2.79299
-4.5088 -2.74857
-4.5182 -2.74416
-4.51008 -2.7439
-4.49873 -2.7472
-4.48485 -2.75311
-4.47106 -2.75988
-4.45997 -2.76581
-4.44789 -2.7716
-4.43616 -2.77697
-4.42647 -2.78226
-4.41527 -2.78756
-4.40336 -2.79329
-4.39552 -2.79766
-4.38473 -2.80319
-4.36443 -2.84627
-4.35954 -2.83245
-4.34145 -2.86425
-4.32784 -2.88129
-4.31128 -2.89658
-4.29979 -2.90199
-4.29877 -2.90835
-4.27798 -2.90822
-4.26344 -2.91014
-4.25987 -2.91537
-4.24851 -2.87902
-4.2248 -2.89656
-4.22 -2.8718
-4.22284 -2.86437
-4.20762 -2.85814
-4.19838 -2.85113
-4.17925 -2.86
-4.17672 -2.8669
-4.15548 -2.86755
-4.13981 -2.87043
-4.12672 -2.87357
-4.12277 -2.87998
-4.10167 -2.87904
-4.08694 -2.88077
-4.08309 -2.88576
-4.06195 -2.88491
-4.04744 -2.88549
-4.03363 -2.88645
-4.02925 -2.89193
-4.00994 -2.88968
-3.99346 -2.89019
-3.98045 -2.8914
-3.96628 -2.89323
-3.95409 -2.89449
-3.95098 -2.90041
-3.92893 -2.89642
-3.92395 -2.90098
-3.9028 -2.89738
-3.89714 -2.90204
-3.8752 -2.89801
-3.8688 -2.90263
-3.84654 -2.89899
-3.84428 -2.90539
-3.83174 -2.90559
-3.81739 -2.90537
-3.80352 -2.90528
-3.79132 -2.90527
-3.77924 -2.90536
-3.76792 -2.90585
-3.75465 -2.90617
-3.74263 -2.90629
-3.70806 -2.94055
-3.70641 -2.92405
-3.69939 -2.91496
-3.66788 -2.94127
-3.64443 -2.95611
-3.62838 -2.96267
-3.61147 -2.9662
-3.59737 -2.96627
-3.58577 -2.96465
-3.57516 -2.96351
-3.56302 -2.96236
-3.55083 -2.96122
-3.53894 -2.96069
-3.52659 -2.96049
-3.50367 -2.95379
-3.50115 -2.96078
-3.48938 -2.96089
-3.47725 -2.9608
-3.46525 -2.96058
-3.45358 -2.96
-3.44092 -2.95918
-3.42878 -2.95854
-3.41717 -2.95799
-3.40607 -2.95749
-3.38455 -2.94983
-3.37988 -2.95637
-3.36834 -2.95716
-3.32864 -2.99074
-3.33322 -2.97502
-3.30041 -2.99854
-3.27767 -3.00814
-3.29046 -2.98011
-3.29238 -2.96378
-3.28152 -2.94925
-3.28293 -2.95431
-3.26564 -2.94705
-3.26207 -2.95402
-3.2434 -2.94816
-3.24099 -2.95639
-3.22201 -2.94909
-3.18782 -2.98491
-3.18403 -2.965
-3.14843 -2.98701
-3.15888 -2.96757
-3.12817 -2.98679
-3.10954 -2.99756
-3.09492 -3.00345
-3.08237 -3.00507
-3.06978 -3.00476
-3.05812 -3.00397
-3.04862 -3.00369
-3.03848 -3.00332
-3.02777 -3.0022
-3.01697 -3.00146
-3.00659 -3.00165
-2.99614 -3.00168
-2.98522 -3.00158
-2.97476 -3.00127
-2.96295 -3.00091
-2.95252 -3.00053
-2.94223 -3.00014
-2.93163 -3.00006
-2.92145 -3.00025
-2.87521 -3.02717
-2.8789 -3.01416
-2.84142 -3.03424
-2.816 -3.0419
-2.80394 -3.05607
-2.78375 -3.04735
-2.77169 -3.04428
-2.7613 -3.04262
-2.75055 -3.0411
-2.73989 -3.03972
-2.72992 -3.03859
-2.71999 -3.03914
-2.71005 -3.03905
-2.69787 -3.03847
-2.68688 -3.03752
-2.6768 -3.0382
-2.66494 -3.03801
-2.65388 -3.03728
-2.64246 -3.03622
-2.59238 -3.06388
-2.60064 -3.05128
-2.59826 -3.04544
-2.59745 -3.04147
-2.54993 -3.06488
-2.51801 -3.0797
-2.53892 -3.06226
-2.54806 -3.0526
-2.54965 -3.04754
-2.5454 -3.04585
-2.53837 -3.04702
-2.48642 -3.07341
-2.49445 -3.06308
-2.49501 -3.0584
-2.48849 -3.05029
-2.48858 -3.05978
-2.47501 -3.05322
-2.47104 -3.06344
-2.42096 -3.09196
-2.38511 -3.10718
-2.36126 -3.11299
-2.34578 -3.11356
-2.33208 -3.11249
-2.32161 -3.10954
-2.30904 -3.10837
-2.29933 -3.10408
-2.28832 -3.10066
-2.31665 -3.07196
-2.28565 -3.07887
-2.30217 -3.05535
-2.26175 -3.06499
-2.23309 -3.06861
-2.20881 -3.06962
-2.23433 -3.04463
-2.19868 -3.05124
-2.21911 -3.03081
-2.17865 -3.04202
-2.14921 -3.04317
-2.17322 -3.021
-2.13532 -3.02672
-2.10972 -3.03093
-2.09118 -3.03296
-2.12093 -3.01161
-2.09083 -3.02081
-2.06744 -3.02294
-2.04392 -3.02178
-2.02688 -3.02019
-2.01473 -3.01763
-2.00217 -3.01435
-1.99173 -3.01103
-1.98158 -3.00863
-1.96921 -3.00448
-1.95701 -2.99884
-1.94218 -2.9932
-1.97582 -2.96787
-1.9405 -2.9696
-1.96265 -2.95138
-1.92147 -2.95852
-1.94039 -2.94378
-1.94395 -2.93428
-1.94021 -2.92594
-1.93065 -2.91828
-1.91951 -2.91342
-1.90688 -2.9075
-1.89484 -2.90292
-1.88037 -2.89592
-1.86621 -2.88915
-1.85591 -2.88427
-1.84458 -2.87866
-1.83215 -2.87235
-1.82104 -2.86657
-1.80811 -2.85975
-1.79637 -2.85342
-1.78562 -2.84675
-1.77854 -2.8524
-1.76437 -2.83584
-1.7533 -2.8278
-1.74167 -2.82024
-1.7293 -2.81266
-1.71896 -2.80659
-1.70633 -2.79913
-1.64487 -2.80487
-1.66391 -2.80181
-1.61053 -2.79274
-1.6333 -2.77111
-1.64046 -2.76515
-1.59344 -2.76386
-1.61008 -2.75314
-1.56464 -2.75422
-1.5372 -2.74959
-1.514 -2.74408
-1.54788 -2.72729
-1.51263 -2.72449
-1.49005 -2.71963
-1.47139 -2.71449
-1.45752 -2.70921
-1.44649 -2.70289
-1.48328 -2.6872
-1.45128 -2.68389
-1.42804 -2.67911
-1.41001 -2.67679
-1.39418 -2.67129
-1.38187 -2.66504
-1.37084 -2.65819
-1.36009 -2.65247
-1.34978 -2.64632
-1.33935 -2.63894
-1.32943 -2.63224
-1.31871 -2.62534
-1.30826 -2.61875
-1.29839 -2.61355
-1.28799 -2.6076
-1.27651 -2.60071
-1.26651 -2.59446
-1.256 -2.58777
-1.24482 -2.58058
-1.23438 -2.57374
-1.22449 -2.5672
-1.21437 -2.56046
-1.20389 -2.55344
-1.193 -2.54609
-1.18329 -2.53947
-1.17312 -2.53248
-1.1627 -2.52526
-1.15167 -2.51651
-1.14142 -2.50768
-1.13194 -2.49917
-1.12149 -2.48879
-1.11161 -2.4893
-1.1011 -2.46697
-1.09177 -2.45737
-1.08127 -2.44622
-1.07027 -2.43532
-1.06038 -2.42701
-1.05052 -2.41936
-1.04107 -2.4123
-1.03119 -2.40376
-1.02306 -2.40753
-1.01372 -2.39001
-1.0044 -2.38028
-0.99391 -2.3705
-0.984132 -2.36314
-0.921661 -2.35743
-0.936696 -2.35497
-0.887607 -2.352
-0.912951 -2.3517
-0.921513 -2.35378
-0.870764 -2.35468
-0.839685 -2.35515
-0.813973 -2.35757
-0.801193 -2.34913
-0.789337 -2.35894
-0.777414 -2.34876
-0.769856 -2.36544
-0.760207 -2.35976
-0.750686 -2.36034
-0.742239 -2.36017
-0.784437 -2.3604
-0.751036 -2.35889
-0.727311 -2.3588
-0.706492 -2.35743
-0.690747 -2.35673
-0.679469 -2.35513
-0.667091 -2.354
-0.656839 -2.35095
-0.647389 -2.3481
-0.636803 -2.34637
-0.627634 -2.34332
-0.617907 -2.3405
-0.605925 -2.33599
-0.595229 -2.3339
-0.585314 -2.32827
-0.576047 -2.3233
-0.564623 -2.31543
-0.553193 -2.30622
-0.543397 -2.29627
-0.533545 -2.28622
-0.523137 -2.27464
-0.511716 -2.26207
-0.501943 -2.25242
-0.491661 -2.24308
-0.53499 -2.2379
-0.554706 -2.23071
-0.506563 -2.21974
-0.473032 -2.20766
-0.448762 -2.20639
-0.432438 -2.18696
-0.417801 -2.17352
-0.409498 -2.17673
-0.400466 -2.15932
-0.392277 -2.14775
-0.383733 -2.13891
-0.374687 -2.13126
-0.363498 -2.12384
-0.353929 -2.11661
-0.344514 -2.12202
-0.334237 -2.10588
-0.326627 -2.09742
-0.316217 -2.08934
-0.306259 -2.08325
-0.297651 -2.07885
-0.287751 -2.0749
-0.276377 -2.06964
-0.266023 -2.06456
-0.256212 -2.06198
-0.247357 -2.05837
-0.235831 -2.05525
-0.225728 -2.05112
-0.216274 -2.0475
-0.20533 -2.04469
-0.194954 -2.04162
-0.184907 -2.03974
-0.17454 -2.03811
-0.16427 -2.0366
-0.153961 -2.03509
-0.143273 -2.03345
-0.133468 -2.03189
-0.121866 -2.03117
-0.111807 -2.03008
-0.100959 -2.03091
-0.0894784 -2.03159
-0.0798617 -2.02847
-0.0704529 -2.02848
-0.0576487 -2.03001
-0.0469138 -2.03135
-0.0370311 -2.03349
-0.0247812 -2.03624
-0.0132545 -2.04028
-0.0017355 -2.04379
0.00926723 -2.04677
0.0204879 -2.0507
0.0321664 -2.05408
0.0429536 -2.05691
0.0541806 -2.06061
0.0640278 -2.06341
0.0777433 -2.06797
0.0887087 -2.07348
0.100048 -2.07751
0.111895 -2.08316
0.122307 -2.08779
0.135022 -2.09426
0.146531 -2.09951
0.156638 -2.10482
0.169163 -2.11163
0.180072 -2.11772
0.193204 -2.12506
0.205013 -2.13293
0.216481 -2.14102
0.289171 -2.14611
0.274013 -2.16082
0.26972 -2.17
0.271617 -2.18241
0.278697 -2.19366
0.289611 -2.20651
0.243877 -2.20093
0.281717 -2.21935
0.308708 -2.2362
0.330105 -2.2488
0.291508 -2.26134
0.275613 -2.27165
0.273464 -2.28103
0.279627 -2.28944
0.290077 -2.29569
0.301447 -2.29989
0.313206 -2.30426
0.325056 -2.30916
0.335969 -2.31378
0.402082 -2.31847
0.385716 -2.32246
0.437162 -2.32722
0.411212 -2.329
0.45734 -2.33499
0.484624 -2.34112
0.504125 -2.34709
0.517948 -2.35422
0.474824 -2.36245
0.508953 -2.36837
0.480011 -2.37708
0.524316 -2.38742
0.551856 -2.3979
0.521075 -2.39838
0.506357 -2.42474
0.503173 -2.42941
0.507225 -2.44774
0.515992 -2.46488
0.525974 -2.47739
0.536888 -2.49224
0.546747 -2.50417
0.556966 -2.51684
0.517493 -2.52484
0.499911 -2.53422
0.495151 -2.54587
0.498533 -2.5583
0.50656 -2.57052
0.516325 -2.58409
0.526276 -2.59562
0.536135 -2.60797
0.545312 -2.62016
0.604091 -2.6278
0.586296 -2.64267
0.63055 -2.66076
0.655713 -2.67568
0.678624 -2.68994
0.702346 -2.7047
0.727937 -2.72063
0.750155 -2.73446
0.771932 -2.74801
0.795128 -2.76244
0.82116 -2.77864
0.84226 -2.79177
0.865815 -2.80643
0.890694 -2.82192
0.909355 -2.83353
0.933635 -2.84864
0.956202 -2.86268
0.980643 -2.87789
1.00721 -2.89443
1.03108 -2.90928
1.05514 -2.92425
1.07875 -2.93895
1.10517 -2.95539
1.12769 -2.9694
1.1492 -2.98279
1.17016 -2.99584
1.19337 -3.01028
1.21896 -3.0262
1.24553 -3.04274
1.27346 -3.06012
1.29816 -3.07549
1.31866 -3.08825
1.33957 -3.10126
1.36834 -3.11916
1.39191 -3.13383
1.41376 -3.14743
1.43909 -3.16319
1.46552 -3.17964
1.49457 -3.19772
1.51794 -3.21226
1.54458 -3.22884
1.57057 -3.24501
1.06529 -2.92046
1.07869 -2.9384
1.08007 -2.94261
1.08673 -2.9381
1.09583 -2.93607
1.10596 -2.93299
1.11581 -2.9299
1.12605 -2.92812
1.13774 -2.92587
1.14877 -2.92235
1.15817 -2.92087
1.16907 -2.91885
1.17915 -2.91563
1.1896 -2.91277
1.19994 -2.90899
1.20944 -2.90618
1.21988 -2.90232
1.23037 -2.89799
1.24018 -2.89248
1.24983 -2.88613
1.25878 -2.88088
1.2682 -2.87331
1.27635 -2.86804
1.28472 -2.86238
1.29331 -2.85767
1.30262 -2.85436
1.31097 -2.85125
1.32015 -2.84744
1.37855 -2.85614
1.36525 -2.85117
1.36175 -2.84938
1.36194 -2.84675
1.36646 -2.84366
1.37359 -2.84113
1.3821 -2.83883
1.34469 -2.82503
1.32845 -2.81508
1.32641 -2.80952
1.33079 -2.80563
1.33914 -2.80089
1.30603 -2.78675
1.29352 -2.77779
1.29143 -2.77064
1.29662 -2.76543
1.30404 -2.74716
1.31007 -2.74647
1.31705 -2.74208
1.32405 -2.73836
1.33087 -2.73338
1.29856 -2.72147
1.28382 -2.71027
1.31654 -2.71014
1.30139 -2.69108
1.29477 -2.68584
1.29378 -2.68192
1.29708 -2.67829
1.30159 -2.68512
1.30993 -2.67982
1.3173 -2.67649
1.32484 -2.67527
1.37072 -2.68401
1.35961 -2.68584
1.35479 -2.68832
1.3921 -2.69938
1.41557 -2.70601
1.43241 -2.71229
1.44097 -2.71727
1.4472 -2.72001
1.45193 -2.73385
1.46018 -2.72895
1.46629 -2.72895
1.4714 -2.73123
1.47604 -2.74404
1.52505 -2.74824
1.51516 -2.74332
1.50985 -2.751
1.55353 -2.74999
1.57856 -2.76554
1.59639 -2.75788
1.60477 -2.77061
1.61368 -2.77211
1.62126 -2.77408
1.67245 -2.78705
1.65742 -2.78537
1.69653 -2.79551
1.67584 -2.79044
1.66858 -2.79027
1.71047 -2.80147
1.73834 -2.81307
1.75568 -2.82145
1.76779 -2.83079
1.77692 -2.83831
1.7827 -2.84333
1.78848 -2.84813
1.79536 -2.85226
1.80243 -2.85658
1.81017 -2.86038
1.81834 -2.86395
1.82608 -2.86712
1.83487 -2.86958
1.84356 -2.87255
1.85121 -2.87554
1.85951 -2.87767
1.91829 -2.89239
1.90221 -2.88894
1.8974 -2.88765
1.89727 -2.88749
1.90204 -2.88726
1.90903 -2.88811
1.96557 -2.90192
2.00094 -2.90718
2.02578 -2.91117
2.03921 -2.91098
2.04858 -2.9128
2.05711 -2.91333
2.06447 -2.91305
2.07276 -2.91144
2.08263 -2.90918
2.09251 -2.90785
2.10177 -2.90606
2.11145 -2.90294
2.12163 -2.90026
2.13255 -2.89772
2.14372 -2.89436
2.15416 -2.89163
2.1656 -2.88792
2.17563 -2.88535
2.18601 -2.88199
2.19656 -2.87811
2.20735 -2.87405
2.21727 -2.86922
2.22863 -2.86441
2.24 -2.8599
2.25059 -2.85591
2.26101 -2.8522
2.27198 -2.84714
2.2832 -2.84142
2.29456 -2.83643
2.30381 -2.83233
2.31593 -2.82558
2.32583 -2.82084
2.33852 -2.81475
2.34947 -2.80793
2.35992 -2.80179
2.36986 -2.79647
2.38334 -2.78702
2.39512 -2.77898
2.40547 -2.77252
2.41714 -2.76528
2.43086 -2.75673
2.44033 -2.74346
2.44958 -2.73597
2.46236 -2.72615
2.47151 -2.71886
2.48244 -2.71017
2.48928 -2.70472
2.50204 -2.69457
2.50943 -2.68868
2.5187 -2.6813
2.45999 -2.64691
2.45951 -2.63635
2.47104 -2.64267
2.53385 -2.62227
2.5225 -2.60341
2.53549 -2.58739
2.52366 -2.5753
2.5271 -2.57997
2.53465 -2.56162
2.5424 -2.56145
2.54873 -2.55372
2.56268 -2.53189
2.5247 -2.51647
2.55747 -2.50491
2.56495 -2.49203
2.53424 -2.47829
2.53166 -2.46709
2.53464 -2.45346
2.54184 -2.44288
2.55091 -2.43082
2.55988 -2.41988
2.5697 -2.40624
2.5788 -2.39317
2.58792 -2.38036
2.59575 -2.37881
2.55872 -2.35813
2.5439 -2.35573
2.53955 -2.33462
2.54349 -2.33253
2.54874 -2.31094
2.60157 -2.30338
2.58782 -2.28244
2.58506 -2.28168
2.58444 -2.26962
2.58729 -2.25637
2.59216 -2.24351
2.59539 -2.23151
2.60384 -2.2165
2.60981 -2.20417
2.61578 -2.19071
2.62162 -2.17802
2.62735 -2.16561
2.63253 -2.15243
2.63778 -2.13908
2.64339 -2.12667
2.64822 -2.11447
2.65279 -2.10312
2.65808 -2.09005
2.6628 -2.07687
2.66754 -2.06413
2.6727 -2.05046
2.67699 -2.03906
2.68119 -2.02631
2.68591 -2.01258
2.69032 -2.00145
2.69438 -1.989
2.69848 -1.97658
2.70286 -1.96331
2.70706 -1.95043
2.71112 -1.9394
2.71523 -1.92723
2.71908 -1.91509
2.7228 -1.90281
2.72644 -1.89044
2.73029 -1.87703
2.73401 -1.86374
2.73731 -1.85153
2.74053 -1.83935
2.74392 -1.82631
2.74724 -1.81515
2.75075 -1.80214
2.7537 -1.79025
2.75753 -1.77859
2.76063 -1.76722
2.76333 -1.75578
2.76676 -1.74277
2.76976 -1.73194
2.81263 -1.70267
2.79676 -1.70061
2.82982 -1.67711
2.80743 -1.67773
2.83282 -1.64443
2.81148 -1.64881
2.79992 -1.64117
2.83211 -1.61327
2.81336 -1.60946
2.84327 -1.58478
2.85869 -1.5638
2.86885 -1.54666
2.87472 -1.5323
2.87785 -1.52003
2.88011 -1.50789
2.88169 -1.49655
2.88342 -1.48466
2.88498 -1.47375
2.88735 -1.46252
2.88912 -1.45067
2.89158 -1.43937
2.88901 -1.41633
2.89659 -1.41364
2.89938 -1.40167
2.90181 -1.39174
2.90379 -1.37866
2.90621 -1.36595
2.90461 -1.34737
2.91308 -1.34752
2.91035 -1.32702
2.91809 -1.32548
2.91528 -1.3054
2.96156 -1.27841
2.94155 -1.27157
2.93452 -1.2678
2.96873 -1.23403
2.98837 -1.21236
3.00062 -1.1937
3.00621 -1.18082
3.00975 -1.16894
3.01185 -1.1582
3.01362 -1.14768
3.01532 -1.13748
3.01736 -1.12694
3.01968 -1.11603
3.02201 -1.10569
3.02463 -1.09446
3.02717 -1.0837
3.03019 -1.07084
3.03328 -1.06104
3.03604 -1.0507
3.0013 -1.06644
3.02081 -1.04105
3.03324 -1.02291
3.04208 -1.00712
3.04792 -0.99274
3.05121 -0.980888
3.05348 -0.96971
3.0553 -0.958818
3.05715 -0.947387
3.0978 -0.905556
3.08205 -0.907655
3.07426 -0.905581
3.07022 -0.900624
3.06921 -0.892934
3.0699 -0.882598
3.07222 -0.871938
3.07525 -0.861814
3.07777 -0.850866
3.08002 -0.838966
3.08258 -0.828211
3.08517 -0.818443
3.08742 -0.806685
3.09014 -0.796645
3.09257 -0.785901
3.09424 -0.775245
3.09714 -0.765182
3.0993 -0.753131
3.10209 -0.74466
3.10386 -0.734981
3.1431 -0.688401
3.1649 -0.658676
3.17485 -0.639571
3.17979 -0.623516
3.18255 -0.61252
3.18246 -0.603729
3.18409 -0.595288
3.18555 -0.582725
3.18596 -0.571738
3.18816 -0.56145
3.18959 -0.550624
3.19235 -0.540386
3.19541 -0.530055
3.19766 -0.518943
3.20048 -0.509478
3.20238 -0.49757
3.20507 -0.487031
3.20676 -0.474938
3.20953 -0.463344
3.21258 -0.453657
3.21421 -0.442637
3.21687 -0.43161
3.21993 -0.421473
3.22314 -0.411805
3.21817 -0.393498
3.23314 -0.394279
3.2312 -0.381325
3.27966 -0.338634
3.26301 -0.343035
3.26785 -0.35288
3.3 -0.309636
3.32378 -0.286148
3.33982 -0.267112
3.34812 -0.253439
3.35369 -0.24313
3.35711 -0.233739
3.35999 -0.224506
3.36228 -0.213309
3.36418 -0.204476
3.36732 -0.194162
3.3706 -0.184498
3.37362 -0.173007
3.37727 -0.161391
3.3795 -0.148295
3.3898 -0.145065
3.38551 -0.126187
3.38591 -0.111885
3.38709 -0.0998199
3.38882 -0.088492
3.39019 -0.0747597
3.39208 -0.0616318
3.40212 -0.0574169
3.39351 -0.0362541
3.39508 -0.0234214
3.3962 -0.0113581
3.40584 -0.00637195
3.39761 0.0146909
3.39632 0.0290122
3.39495 0.0439908
3.4036 0.0498822
3.40573 0.0604183
3.39727 0.0816844
3.39449 0.0968704
3.40198 0.10548
3.38909 0.127941
3.39599 0.135481
3.38632 0.154899
3.38326 0.169388
3.38011 0.184315
3.33541 0.134363
3.32249 0.133257
3.30756 0.131979
3.2942 0.130836
3.30762 0.176281
3.29862 0.186113
3.29093 0.194503
3.29642 0.22042
3.29119 0.234918
3.28669 0.247399
3.28184 0.260848
3.27724 0.273624
3.27259 0.286524
3.26742 0.300841
3.26229 0.315078
3.25675 0.330453
3.25252 0.342188
3.24806 0.354548
3.24232 0.370453
3.23741 0.384097
3.23179 0.399661
3.22736 0.411971
3.22259 0.425184
3.21817 0.437434
3.21369 0.449869
3.20923 0.462242
3.20465 0.474946
3.19893 0.490797
3.19459 0.502849
3.19059 0.513949
3.18632 0.525785
3.18052 0.541854
3.17704 0.551523
3.17247 0.564204
3.168 0.576596
3.16446 0.586414
3.15957 0.599973
3.15576 0.610545
3.15165 0.621935
3.14727 0.634089
3.14328 0.645133
3.13849 0.658431
3.0296 0.407881
3.02147 0.410167
3.00793 0.364672
2.99235 0.365186
2.99202 0.366868
2.99277 0.374155
2.97938 0.349905
2.97065 0.341743
2.96571 0.342962
2.9497 0.320284
2.93688 0.31228
2.93504 0.312264
2.91988 0.320812
2.90982 0.330908
2.90966 0.337864
2.8949 0.349784
2.88597 0.359706
2.87827 0.368667
2.8795 0.373898
2.86476 0.38355
2.85562 0.391714
2.85709 0.430103
2.85483 0.453567
2.85861 0.465128
2.84651 0.4799
2.83482 0.489255
2.82675 0.495028
2.81903 0.500671
2.81151 0.507286
2.81206 0.548248
2.80952 0.57278
2.80519 0.588009
2.8083 0.59609
2.79279 0.605232
2.78408 0.611802
2.76856 0.586185
2.76339 0.608113
2.75748 0.623624
2.7518 0.6369
2.75128 0.684121
2.74969 0.673082
2.73173 0.67167
2.72407 0.672473
2.71577 0.676733
2.70819 0.68312
2.70249 0.68983
2.69534 0.697212
2.70177 0.739435
2.68891 0.767673
2.68175 0.785525
2.67563 0.795249
2.66896 0.803723
2.66291 0.810063
2.65645 0.816052
2.64822 0.823144
2.64131 0.829565
2.63488 0.836199
2.63173 0.882749
2.62224 0.871781
2.62516 0.906793
2.6112 0.929705
2.60637 0.942803
2.60045 0.952903
2.59445 0.960041
2.58715 0.967999
2.57799 0.934392
2.57114 0.95952
2.56386 0.976518
2.55804 1.03289
2.54942 1.02486
2.54228 1.02292
2.5371 1.02285
2.53121 1.06907
2.52372 1.05479
2.51659 1.09244
2.50317 1.07464
2.49364 1.06837
2.4852 1.06663
2.47855 1.06977
2.47171 1.07578
2.46594 1.0831
2.45956 1.13439
2.45249 1.1658
2.44794 1.1833
2.44097 1.19731
2.43389 1.20483
2.42826 1.20946
2.42088 1.21609
2.41445 1.22237
2.40739 1.22897
2.4004 1.23653
2.39406 1.24403
2.38744 1.25081
2.37687 1.30409
2.3706 1.33534
2.36402 1.35723
2.35672 1.3701
2.35082 1.37919
2.34368 1.38601
2.33607 1.39174
2.32986 1.39836
2.32325 1.40433
2.31732 1.41172
2.30927 1.42032
2.30294 1.42874
2.2965 1.43565
2.28973 1.44466
2.28294 1.45195
2.27676 1.46018
2.26904 1.46846
2.26359 1.47588
2.25619 1.48377
2.24917 1.49233
2.24355 1.50034
2.23557 1.50897
2.23 1.51618
2.22413 1.52457
2.21685 1.53226
2.21044 1.54028
2.19312 1.5478
2.20027 1.55756
2.19599 1.56486
2.17793 1.57156
2.18148 1.58174
2.179 1.59042
2.17429 1.59802
2.16785 1.60584
2.15374 1.66063
2.13419 1.69436
2.13402 1.72181
2.13176 1.73464
2.12764 1.74496
2.12252 1.75262
2.10868 1.75617
2.11259 1.7651
2.10816 1.77247
2.09067 1.77836
2.09274 1.78879
2.08911 1.79731
2.08388 1.8066
2.07844 1.81496
2.06101 1.82203
2.06482 1.83239
2.05972 1.84068
2.05378 1.84943
2.03577 1.85632
2.03775 1.86754
2.03485 1.87661
2.03043 1.8853
2.0245 1.89542
2.00929 1.90139
2.00645 1.96456
2.00261 1.94802
2.00703 1.94401
2.00408 1.94405
1.99815 1.94811
1.99189 1.95472
1.98323 1.96275
1.97326 1.9711
1.96141 1.97982
1.97169 1.94083
1.95712 1.92013
1.95518 1.91545
1.93202 1.91417
1.92819 1.92279
1.90241 1.92756
1.90236 1.93795
1.88599 1.94487
1.87352 1.95143
1.86114 1.95794
1.86246 1.92234
1.84644 1.94845
1.83678 1.9677
1.82947 1.98341
1.81719 1.99431
1.8303 2.0082
1.82442 2.01316
1.82966 2.02294
1.83458 2.0332
1.8387 2.04278
1.84212 2.0524
1.84498 2.06165
1.84779 2.07147
1.84697 2.0807
1.84936 2.09041
1.8525 2.10124
1.86987 2.06172
1.86555 2.09782
1.86488 2.12192
1.86588 2.13927
1.86818 2.15223
1.87121 2.16336
1.87431 2.17255
1.8776 2.18239
1.8823 2.19262
1.88565 2.20176
1.88897 2.21186
1.89211 2.22206
1.8956 2.23306
1.89716 2.24185
1.88738 2.30591
1.88356 2.34034
1.89698 2.307
1.908 2.29512
1.91396 2.29443
1.91808 2.30069
1.92178 2.31029
1.92472 2.32072
1.9276 2.33149
1.93063 2.34267
1.93289 2.35444
1.93636 2.36525
1.93861 2.37562
1.94229 2.3859
1.94467 2.3959
1.94834 2.40585
1.95069 2.41555
1.95442 2.42563
1.95699 2.436
1.96088 2.44664
1.94826 2.45224
1.96021 2.46331
1.9613 2.52369
1.97065 2.5112
1.96724 2.55803
1.97062 2.58811
1.97025 2.6054
1.97105 2.61956
1.97291 2.62788
1.97674 2.63711
1.98015 2.64506
1.98532 2.6551
1.98868 2.66511
1.99109 2.67458
1.99558 2.68527
1.99873 2.69537
2.00236 2.7057
2.00646 2.71678
2.00926 2.72668
2.01409 2.73784
2.01741 2.74803
2.02014 2.75848
2.02467 2.76906
2.02804 2.7794
2.03085 2.78992
2.03579 2.80133
2.03906 2.81112
2.04172 2.82096
2.04535 2.8314
2.04955 2.84216
2.05252 2.85182
2.05515 2.86172
2.05886 2.87228
2.06298 2.88253
2.06623 2.89257
2.06899 2.90246
2.07181 2.9132
2.07549 2.9235
2.0738 2.9861
2.07422 3.02481
2.07667 3.05013
2.0796 3.06864
2.08266 3.08093
2.08677 3.08967
2.09032 3.09799
2.09518 3.10855
2.09923 3.11709
2.10199 3.12639
2.1046 3.13607
2.10844 3.1464
2.11215 3.15797
2.11544 3.16924
2.11948 3.17979
2.1231 3.19078
2.12691 3.20166
2.12993 3.21258
2.13303 3.22388
2.13584 3.23413
2.1401 3.24525
2.14404 3.25682
2.14594 3.26719
2.14848 3.2774
2.15144 3.28815
2.15456 3.29888
2.16029 3.25609
2.16236 3.29147
2.16282 3.31596
2.16655 3.33582
2.17026 3.35137
2.17443 3.36561
2.17778 3.37542
2.18202 3.33303
2.18512 3.36745
2.18663 3.39256
2.18828 3.41119
2.19084 3.42544
2.19377 3.43642
2.1955 3.45016
2.19544 3.46027
2.1945 3.46812
2.19485 3.47789
2.19483 3.49012
2.19441 3.49964
2.19393 3.51099
2.19587 3.5205
2.19709 3.53067
2.19876 3.59918
2.19958 3.58322
2.20113 3.57909
2.20782 3.63927
2.20968 3.67471
2.21286 3.70175
2.21641 3.71711
2.22054 3.72967
2.22489 3.74031
2.22894 3.68851
2.23326 3.66642
2.23849 3.72023
2.24372 3.75729
2.24998 3.78128
2.25896 3.8035
2.26779 3.81785
2.27676 3.82967
2.28522 3.83951
2.2917 3.79142
2.3026 3.76939
2.31229 3.76396
2.32073 3.76933
2.32844 3.78029
2.33569 3.79302
2.34657 3.86573
2.35213 3.85009
2.3588 3.84572
2.36386 3.84665
2.37011 3.85224
2.378 3.861
2.37392 3.87236
2.39628 3.881
2.40458 3.89218
2.40113 3.90251
2.42323 3.91199
2.42027 3.92288
2.44177 3.93156
2.43871 3.94269
2.45712 3.95162
2.45245 3.96227
2.47069 3.97016
2.47184 3.98342
2.47932 3.99312
2.48793 4.00229
2.49702 4.01116
2.50333 4.01936
2.51304 4.03018
2.52259 4.03957
2.53264 4.04934
2.5412 4.058
2.54822 4.06664
2.56832 4.0749
2.56506 4.08705
2.57156 4.09649
2.57874 4.10574
2.58699 4.11583
2.59587 4.12462
2.60405 4.13318
2.61248 4.14239
2.62102 4.15194
2.64062 4.16013
2.63558 4.17099
2.64519 4.17899
2.6549 4.18809
2.66385 4.19716
2.68417 4.20395
2.68259 4.21532
2.68958 4.22493
2.69785 4.23506
2.70577 4.24395
2.71342 4.25242
2.72179 4.2603
2.73195 4.26902
2.73959 4.27731
2.74876 4.28634
2.7704 4.29296
2.7689 4.30487
2.77466 4.31454
2.79672 4.37833
2.8 4.36262
2.80395 4.35673
2.80843 4.35534
2.82878 4.35655
2.84097 4.42434
2.83611 4.40656
2.83611 4.40113
2.8433 4.39944
2.83443 4.40794
2.86713 4.46976
2.87858 4.5099
2.89159 4.5367
2.90142 4.55325
2.89311 4.50867
2.89328 4.48544
2.89465 4.47616
2.90022 4.47644
2.92128 4.47959
2.92094 4.49226
2.92673 4.50341
2.93323 4.51426
2.94082 4.52374
2.94999 4.53337
2.95768 4.54188
2.97805 4.54775
2.97625 4.55996
2.98158 4.57053
2.98783 4.57831
2.99459 4.58633
3.00302 4.59452
3.02359 4.59961
3.02328 4.61232
3.02866 4.621
3.03653 4.62973
3.04382 4.63772
3.05214 4.64525
3.07106 4.65056
3.06616 4.66306
3.07368 4.67178
3.09155 4.67628
3.10833 4.74664
3.11424 4.72479
3.12046 4.77918
3.13748 4.80845
3.1419 4.82824
3.14732 4.84073
3.15306 4.84874
3.16037 4.85791
3.16841 4.86709
3.17625 4.87547
3.18509 4.88335
3.19292 4.89128
3.20097 4.90025
3.20923 4.90992
3.21633 4.91849
3.22486 4.92879
3.232 4.93747
3.23873 4.94745
3.24274 4.95668
3.24745 4.96848
3.25156 4.98051
3.25527 4.98902
3.2612 5.00047
3.26698 5.01005
3.27232 5.02032
3.27776 5.02988
3.28314 5.03968
3.28952 5.05069
3.29709 5.05993
3.30434 5.06856
3.31112 5.07794
3.3191 5.08775
3.32821 5.09832
3.33621 5.10706
3.34287 5.11631
3.35024 5.12513
3.35857 5.1346
3.3677 5.1429
3.37798 5.15144
3.38706 5.16001
3.39742 5.1689
3.40726 5.17686
3.41752 5.185
3.42677 5.19224
3.44 5.20136
3.45204 5.20868
3.46437 5.21474
3.48041 5.22243
3.4682 5.17692
3.49343 5.20717
3.48981 5.17513
3.50736 5.21716
3.53762 5.24091
3.53411 5.20343
3.56361 5.23839
3.55898 5.20852
3.58084 5.25166
3.59963 5.27442
3.58611 5.24189
3.61077 5.27656
3.6001 5.24843
3.60037 5.23653
3.60646 5.23216
3.61619 5.23424
3.65753 5.28929
3.65754 5.27403
3.6941 5.31788
3.68041 5.29635
3.71713 5.3308
3.70854 5.30543
3.70918 5.29305
3.74263 5.34008
3.73506 5.32003
3.74026 5.31078
3.74388 5.30946
3.76694 5.30316
3.77434 5.30986
3.79984 5.30748
3.8025 5.31891
3.82394 5.31838
3.82888 5.32869
3.8511 5.32759
3.85753 5.33702
3.88228 5.3338
3.88647 5.3438
3.90037 5.34781
3.91258 5.35134
3.92603 5.35448
3.93898 5.35796
3.95409 5.36236
3.96573 5.36588
3.97763 5.3695
3.99072 5.37442
4.00196 5.37827
4.01341 5.38278
4.02624 5.38709
4.03923 5.391
4.05159 5.39443
4.06379 5.39769
4.07698 5.40117
4.09074 5.40474
4.10338 5.40797
4.11481 5.41175
4.12685 5.41522
4.13902 5.41938
4.16168 5.41628
4.16471 5.42754
4.17558 5.4324
4.18842 5.4365
4.20063 5.43944
4.21217 5.44281
4.22358 5.44649
4.23585 5.44966
4.24928 5.45269
4.26198 5.45526
4.27428 5.45857
4.28606 5.46222
4.29837 5.46526
4.31127 5.46796
4.32299 5.47106
4.34595 5.46607
4.3517 5.47664
4.36235 5.48242
4.37157 5.48767
4.38396 5.49174
4.39442 5.49471
4.40626 5.49809
4.41851 5.50047
4.43014 5.50418
4.44189 5.5067
4.45349 5.50953
4.50721 5.5549
4.49673 5.54079
4.50562 5.52647
4.5062 5.52728
4.5183 5.52321
4.53035 5.52303
4.54297 5.52495
4.59733 5.56948
4.59227 5.55105
4.63774 5.58322
4.62109 5.56027
4.66093 5.59027
4.64063 5.56917
4.68234 5.59539
4.66687 5.5728
4.6952 5.61243
4.71579 5.6357
4.68651 5.61171
4.71676 5.63984
4.6967 5.61837
4.73425 5.65098
4.75771 5.67026
4.77667 5.68184
4.79235 5.6899
4.80381 5.69301
4.81616 5.69591
4.82719 5.69898
4.83898 5.70332
4.85071 5.70678
4.8622 5.70976
4.87393 5.71387
4.88547 5.71848
4.89796 5.72131
4.91056 5.72538
4.92296 5.72889
4.93661 5.73251
4.94862 5.73665
4.91479 5.70018
4.94973 5.72259
4.9714 5.73895
4.9893 5.75087
5.00334 5.75883
5.01751 5.76226
5.02935 5.76618
5.04087 5.77025
5.05261 5.7746
5.0646 5.77791
5.0777 5.78098
5.08898 5.78439
5.10122 5.78867
5.11195 5.79277
5.12338 5.79597
5.1354 5.79995
5.14625 5.80272
5.1616 5.80753
5.17015 5.81126
5.18165 5.81766
5.19209 5.82275
5.19971 5.82841
5.20972 5.83602
5.21761 5.84179
5.22904 5.85059
5.23891 5.85569
5.24873 5.86155
5.25969 5.86677
5.27007 5.87049
5.28077 5.87537
5.29199 5.87963
5.30342 5.88356
5.31465 5.88725
5.32611 5.89226
5.33785 5.89675
5.34993 5.89969
5.36147 5.90286
5.37412 5.90668
5.38665 5.90937
5.39985 5.91181
5.41218 5.91355
5.42458 5.91646
5.43709 5.91885
5.45013 5.92103
5.46341 5.92309
5.47726 5.92402
5.49148 5.92548
5.50464 5.92604
5.51912 5.92633
5.48369 5.89291
5.52292 5.9088
5.49483 5.88914
5.54877 5.90017
5.5838 5.91179
5.61261 5.90707
5.58211 5.87215
5.57163 5.85267
5.57304 5.84264
5.58188 5.83811
5.58569 5.82693
5.58921 5.81662
5.62489 5.83222
5.6368 5.82836
5.64959 5.8242
5.66256 5.81999
5.684 5.82314
5.69912 5.81923
5.71513 5.81601
5.79896 5.85072
5.83121 5.85864
5.86751 5.86755
5.90211 5.87604
5.80192 5.80412
5.86547 5.82504
5.88878 5.82593
5.91289 5.82685
5.93622 5.82774
5.95869 5.8286
5.97909 5.82938
6.00063 5.8302
6.02123 5.83099
6.0462 5.83194
6.06954 5.83283
6.09388 5.83376
6.11483 5.83456
6.13664 5.83539
6.15815 5.83621
6.1808 5.83708
6.20451 5.83798
6.22906 5.83892
6.2439 5.83949
6.27083 5.84052
6.28589 5.84109
6.3063 5.84187
6.32982 5.84277
6.3543 5.8437
6.37694 5.84457
6.40062 5.84547
6.4213 5.84626
6.44122 5.84702
6.46412 5.8479
6.48622 5.84874
6.51008 5.84965
6.53182 5.85048
6.55221 5.85126
6.57712 5.85221
6.59938 5.85306
6.62048 5.85387
6.64212 5.85469
6.66676 5.85563
6.68993 5.85652
6.02309 5.37057
6.02038 5.35357
6.01777 5.33718
6.0149 5.31919
6.01209 5.30158
6.00921 5.28353
6.0067 5.26778
6.04498 5.32581
6.04797 5.32043
6.06325 5.28951
6.06854 5.29139
6.07468 5.28352
6.08664 5.25355
6.09514 5.23795
6.09932 5.2379
6.10609 5.22753
6.11554 5.20207
6.12116 5.20167
6.12668 5.19122
6.13453 5.16997
6.14225 5.15429
6.14896 5.13818
6.15607 5.12299
6.16257 5.1091
6.16559 5.11978
6.17177 5.11094
6.17847 5.0787
6.18287 5.07849
6.18889 5.0568
6.19318 5.05378
6.19847 5.02912
6.20459 5.01645
6.20977 5.00567
6.21487 4.99365
6.22017 4.9801
6.22541 4.96591
6.22967 4.95436
6.2344 4.94162
6.239 4.92906
6.24365 4.91534
6.2485 4.90196
6.25243 4.88837
6.25672 4.87506
6.26087 4.8621
6.22868 4.85718
6.24932 4.8432
6.26243 4.82866
6.27207 4.81543
6.27897 4.80183
6.28359 4.78889
6.25217 4.78354
6.27191 4.76818
6.28376 4.75406
6.2932 4.73995
6.29843 4.72808
6.30225 4.71654
6.30543 4.70488
6.30815 4.69101
6.31033 4.67939
6.31273 4.66775
6.35144 4.64598
6.33698 4.63842
6.32978 4.62988
6.32584 4.61968
6.32391 4.59917
6.32809 4.59715
6.32985 4.58456
6.33058 4.56222
6.33643 4.56087
6.33855 4.54922
6.33885 4.52752
6.34428 4.52464
6.34582 4.51394
6.34552 4.49184
6.35094 4.48921
6.38906 4.46386
6.40677 4.43931
6.42137 4.43704
6.42356 4.41542
6.42911 4.4134
6.42766 4.39234
6.42927 4.38297
6.43046 4.37381
6.43248 4.36095
6.43408 4.34936
6.43538 4.33968
6.43769 4.32683
6.43944 4.31713
6.44148 4.30576
6.44332 4.2926
6.44491 4.28161
6.44714 4.26824
6.44859 4.25782
6.48333 4.23051
6.50514 4.20895
6.52075 4.1897
6.52523 4.17879
6.52615 4.16871
6.52842 4.15676
6.4925 4.1663
6.51043 4.14867
6.52085 4.13217
6.52779 4.11951
6.53394 4.10465
6.53688 4.09311
6.53825 4.08335
6.53916 4.07155
6.57713 4.03768
6.5981 4.01218
6.60789 3.99391
6.57516 4.00117
6.55694 4.00234
6.54786 3.99805
6.54457 3.98971
6.54471 3.97977
6.54707 3.97006
6.54974 3.95931
6.5521 3.94778
6.55388 3.93656
6.55566 3.92612
6.59333 3.8904
6.61508 3.86867
6.61965 3.84236
6.63038 3.8378
6.63238 3.82768
6.63266 3.8164
6.6267 3.79775
6.63408 3.79787
6.62961 3.77797
6.63798 3.77767
6.63318 3.75847
6.64088 3.7561
6.64213 3.74567
6.63726 3.72415
6.64725 3.72535
6.68066 3.67338
6.70721 3.6587
6.70988 3.62933
6.72146 3.62677
6.71695 3.60657
6.68721 3.63581
6.69718 3.60048
6.70815 3.58212
6.7228 3.57745
6.71962 3.5556
6.72352 3.5449
6.6906 3.56557
6.70966 3.54037
6.71986 3.52008
6.72777 3.50394
6.73265 3.49005
6.73595 3.47873
6.73766 3.46854
6.77734 3.42319
6.7608 3.4295
6.75339 3.43054
6.75002 3.4275
6.78598 3.3831
6.80595 3.35527
6.7806 3.37209
6.76704 3.3776
6.7607 3.37643
6.7591 3.36995
6.7599 3.36022
6.76271 3.35027
6.76513 3.33892
6.76777 3.32778
6.77035 3.31714
6.77276 3.30681
6.80977 3.25956
6.79488 3.26613
6.82261 3.22937
6.8395 3.20737
6.84926 3.19326
6.85459 3.18189
6.85719 3.17175
6.85881 3.16141
6.85987 3.1512
6.8604 3.14281
6.86281 3.13196
6.86479 3.12157
6.86022 3.10386
6.8728 3.10315
6.87581 3.09383
6.86929 3.07355
6.88142 3.07146
6.88479 3.06225
6.88723 3.05167
6.88176 3.03307
6.89303 3.02829
6.89572 3.01885
6.89839 3.00962
6.90013 3.00015
6.89327 2.97967
6.94041 2.93519
6.93105 2.94562
6.92589 2.94923
6.95765 2.90357
6.96963 2.87101
6.99184 2.85684
6.99092 2.83708
7.00356 2.83713
7.0031 2.81878
7.01066 2.81802
7.00491 2.80213
7.01613 2.79853
7.00796 2.78131
7.01106 2.76919
7.01475 2.75725
7.01738 2.74792
7.02155 2.73587
7.02573 2.72543
7.02887 2.71556
7.03241 2.70326
7.03585 2.69243
7.03982 2.6812
7.0431 2.67148
7.04679 2.66064
7.04941 2.64931
7.0528 2.63989
7.05597 2.62856
7.05893 2.61884
7.06291 2.60625
7.06658 2.59561
7.06946 2.5866
7.07349 2.57395
7.07643 2.56476
7.07942 2.55221
7.08978 2.5481
7.08117 2.5279
7.08605 2.51923
7.09052 2.50922
7.09429 2.49994
7.09877 2.48701
7.10201 2.47708
7.107 2.46869
7.11118 2.4593
7.11473 2.44869
7.11833 2.43736
7.12137 2.42675
7.12427 2.4162
7.12828 2.40593
7.13169 2.3957
7.13487 2.38504
7.13793 2.37414
7.14154 2.36439
7.14534 2.35296
7.14923 2.34386
7.15266 2.33359
7.15665 2.32325
7.1598 2.31315
7.16304 2.30156
7.16605 2.29057
7.16814 2.28083
7.17096 2.26735
7.17376 2.25721
7.17717 2.24799
7.18151 2.23774
7.18445 2.22882
7.18775 2.21711
7.19046 2.2062
7.19287 2.19588
7.19588 2.18298
7.19986 2.17518
7.20397 2.16317
7.20661 2.15347
7.20927 2.14245
7.2118 2.13124
7.21656 2.12066
7.21974 2.11107
7.22352 2.09683
7.22702 2.09134
7.23072 2.0834
7.23561 2.07516
7.24229 2.06705
7.24821 2.05858
7.25739 2.05084
7.26644 2.04459
7.27586 2.03796
7.28755 2.03269
7.29665 2.02651
7.30746 2.02165
7.31946 2.01621
7.33188 2.01196
7.34406 2.00695
7.32483 2.04718
7.31807 2.0659
7.31864 2.07157
7.32264 2.06701
7.35612 2.01175
7.34637 2.02198
7.34228 2.02163
7.34008 2.01744
7.33638 2.00682
7.33404 1.99443
7.33255 1.9815
7.33134 1.96686
7.32956 1.9526
7.33046 1.94169
7.33026 1.92959
7.32802 1.91631
7.32558 1.90282
7.32353 1.88966
7.32166 1.87592
7.32023 1.86459
7.31874 1.85243
7.31625 1.83927
7.31409 1.82595
7.31218 1.81272
7.3105 1.80027
7.30776 1.78673
7.30586 1.77574
7.3029 1.76235
7.30978 1.75564
7.29407 1.73608
7.30181 1.72986
7.28797 1.71133
7.29624 1.7044
7.28179 1.68529
7.29189 1.68052
7.28724 1.66615
7.28322 1.65459
7.27962 1.64239
7.27624 1.63001
7.27313 1.61806
7.27014 1.60632
7.26699 1.59398
7.26384 1.58166
7.26079 1.56992
7.25757 1.55778
7.25513 1.54539
7.25239 1.53375
7.24945 1.52267
7.24625 1.51128
7.2426 1.49865
7.2393 1.48766
7.23545 1.47482
7.23166 1.46242
7.22915 1.45146
7.21647 1.43525
7.22692 1.42932
7.22288 1.41708
7.21957 1.40578
7.21563 1.3937
7.21242 1.38163
7.20901 1.37091
7.22376 1.30649
7.21183 1.32097
7.19354 1.31838
7.19619 1.31836
7.18948 1.31073
7.18399 1.30044
7.19786 1.2363
7.18456 1.24959
7.19442 1.1983
7.18204 1.22274
7.19146 1.17691
7.1942 1.14997
7.18191 1.12331
7.19378 1.1142
7.19114 1.1012
7.18678 1.09006
7.18384 1.08092
7.17914 1.06755
7.17426 1.0566
7.17145 1.04539
7.15537 1.0286
7.16763 1.02223
7.16226 1.01061
7.15872 0.998971
7.14494 0.983326
7.15512 0.975539
7.15221 0.963789
7.13684 0.947602
7.14771 0.940251
7.14122 0.927788
7.1371 0.916773
7.11984 0.899796
7.12884 0.891631
7.1245 0.879119
7.12031 0.86781
7.11645 0.856751
7.11262 0.845357
7.1091 0.834693
7.09183 0.817438
7.10234 0.809297
7.09988 0.797811
7.09595 0.786296
7.09296 0.774999
7.08965 0.764556
7.07409 0.749749
7.08183 0.739612
7.08012 0.728894
7.0782 0.71892
7.07364 0.706868
7.07017 0.695562
7.05487 0.681725
7.0616 0.672261
7.05867 0.660699
7.05594 0.648987
7.05228 0.637608
7.03045 0.679653
7.04503 0.645465
7.04117 0.618247
7.05795 0.600958
7.04611 0.584271
7.05849 0.574426
7.04304 0.561159
7.04247 0.550334
7.03977 0.540021
7.05005 0.531976
7.03496 0.519296
7.03039 0.507262
7.02629 0.495999
7.02289 0.485357
7.02071 0.473329
7.01788 0.462427
7.01428 0.451113
7.01142 0.440278
7.00929 0.429707
7.00677 0.417795
7.00455 0.406527
7.00197 0.396204
6.99864 0.384949
6.99451 0.373175
7.00261 0.364466
6.98513 0.351791
6.98388 0.340327
6.98279 0.329893
6.98111 0.318817
6.97919 0.307994
6.97695 0.296855
6.97346 0.286142
6.97019 0.274493
6.96639 0.26418
6.97704 0.255063
6.96424 0.183719
6.95411 0.198361
6.95293 0.14271
6.94898 0.171336
6.94374 0.181607
6.94003 0.182579
6.93693 0.176754
6.93363 0.16668
6.93602 0.093463
6.93224 0.111973
6.93252 0.0566017
6.92858 0.0829883
6.92873 0.0323507
6.92387 0.0621873
6.92293 0.0124289
6.92062 -0.0189754
6.92062 -0.0406311
6.92157 -0.0549829
6.92162 -0.0667993
6.92234 -0.0786807
6.92342 -0.0887529
6.92461 -0.0988983
6.92579 -0.109187
6.92566 -0.119978
6.92476 -0.130759
6.92352 -0.141849
6.92209 -0.154013
6.92046 -0.165343
6.91912 -0.176891
6.91633 -0.188481
6.91281 -0.200963
6.91066 -0.211648
6.90767 -0.223235
6.9041 -0.235718
6.90056 -0.24733
6.89708 -0.258533
6.89448 -0.271056
6.89174 -0.281863
6.88837 -0.293634
6.88359 -0.305355
6.87921 -0.317285
6.87254 -0.329635
6.86615 -0.341412
6.85988 -0.353248
6.85126 -0.365353
6.84105 -0.378013
6.83256 -0.331021
6.82388 -0.369501
6.81593 -0.338446
6.81036 -0.328122
6.80789 -0.328413
6.80272 -0.335854
6.7957 -0.347216
6.78717 -0.359977
6.77731 -0.372807
6.78089 -0.383972
6.76201 -0.394823
6.7518 -0.406165
6.74248 -0.417735
6.74668 -0.427401
6.72588 -0.43772
6.71488 -0.448031
6.71642 -0.457796
6.69654 -0.467229
6.68486 -0.47735
6.68633 -0.488331
6.66252 -0.49724
6.65286 -0.507325
6.65662 -0.517428
6.63552 -0.526601
6.63946 -0.536908
6.61683 -0.545421
6.62039 -0.555552
6.59812 -0.564615
6.60138 -0.575268
6.58058 -0.58398
6.58427 -0.594343
6.56133 -0.603554
6.56431 -0.61368
6.54229 -0.621112
6.54277 -0.632651
6.52282 -0.641602
6.52855 -0.65238
6.50815 -0.660279
6.51177 -0.671745
6.49035 -0.679088
6.49102 -0.690517
6.4789 -0.699206
6.46839 -0.707093
6.45715 -0.716384
6.44923 -0.72556
6.44069 -0.734322
6.43151 -0.743028
6.42129 -0.752326
6.41146 -0.760998
6.40099 -0.770118
6.39182 -0.779229
6.38285 -0.787498
6.37441 -0.796127
6.3534 -0.803855
6.35916 -0.815686
6.34957 -0.825026
6.33955 -0.833226
6.33113 -0.840774
6.32183 -0.849156
6.31197 -0.858059
6.29044 -0.865044
6.29753 -0.876696
6.28668 -0.88505
6.27505 -0.893517
6.26691 -0.901329
6.24521 -0.907485
6.24771 -0.919546
6.23942 -0.929154
6.23224 -0.937323
6.2233 -0.945065
6.21373 -0.953705
6.20491 -0.961777
6.1949 -0.969746
6.18474 -0.978497
6.16281 -0.984574
6.16757 -0.995865
6.15853 -1.00371
6.14807 -1.01147
6.13814 -1.01939
6.11678 -1.02466
6.1185 -1.0362
6.1123 -1.04464
6.10277 -1.0534
6.09376 -1.06119
6.08435 -1.06924
6.0748 -1.07734
6.05587 -1.08291
6.05997 -1.09535
6.0526 -1.10308
6.03182 -1.10718
6.02953 -1.11952
6.02481 -1.12856
6.01674 -1.13653
6.00865 -1.14496
5.99832 -1.15289
5.9902 -1.16013
5.97966 -1.16768
5.97083 -1.17541
5.95136 -1.1798
5.95249 -1.19149
5.94358 -1.19915
5.91135 -1.26304
5.91287 -1.24332
5.87819 -1.28785
5.88839 -1.26478
5.88582 -1.2532
5.85854 -1.30401
5.86344 -1.28123
5.86479 -1.27429
5.82635 -1.32217
5.8141 -1.35944
5.80039 -1.38392
5.81455 -1.34351
5.79342 -1.37857
5.77934 -1.40042
5.77021 -1.41614
5.7494 -1.42378
5.75302 -1.43881
5.73432 -1.44312
5.7372 -1.45653
5.7304 -1.46418
5.71033 -1.46763
5.7148 -1.48123
5.69646 -1.48557
5.69858 -1.49806
5.67932 -1.50269
5.67885 -1.51624
5.65236 -1.51717
5.64899 -1.5278
5.66035 -1.47999
5.65871 -1.45544
5.65208 -1.44686
5.64139 -1.44829
5.62832 -1.45458
5.58782 -1.51647
5.58664 -1.49772
5.55259 -1.54331
5.55704 -1.51668
5.5529 -1.50451
5.54652 -1.4996
5.53717 -1.50056
5.52623 -1.50473
5.48376 -1.56309
5.48516 -1.54438
5.45195 -1.5892
5.46481 -1.56458
5.426 -1.60176
5.43272 -1.57264
5.39004 -1.60662
5.39218 -1.57423
5.38719 -1.55983
5.379 -1.55411
5.36919 -1.55543
5.35723 -1.55956
5.34515 -1.56523
5.33219 -1.57121
5.32109 -1.57735
5.30875 -1.58393
5.29683 -1.58951
5.28537 -1.59408
5.27308 -1.59856
5.26002 -1.60308
5.24928 -1.60759
5.23784 -1.61284
5.22618 -1.61731
5.21379 -1.62155
5.20104 -1.62565
5.18814 -1.62966
5.17765 -1.63378
5.1662 -1.63818
5.15468 -1.64254
5.14095 -1.64715
5.12896 -1.65177
5.11772 -1.65543
5.07041 -1.70695
5.07296 -1.6888
5.0348 -1.72845
5.04451 -1.7005
5.04665 -1.68868
5.04408 -1.68453
5.03792 -1.6859
4.99073 -1.7342
4.99508 -1.71831
4.95337 -1.75591
4.9685 -1.73282
4.96822 -1.72277
4.9205 -1.75947
4.89232 -1.77996
4.86859 -1.79522
4.85425 -1.80162
4.84149 -1.80781
4.86344 -1.76721
4.83447 -1.79436
4.81419 -1.81022
4.78437 -1.81539
4.82834 -1.77908
4.79108 -1.8102
4.76609 -1.82837
4.74991 -1.83634
4.73271 -1.8452
4.71094 -1.84347
4.71216 -1.8536
4.6907 -1.84948
4.68925 -1.86646
4.67968 -1.86765
4.69752 -1.81631
4.67186 -1.85541
4.65025 -1.87247
4.6334 -1.88263
4.61601 -1.8923
4.59793 -1.88879
4.59089 -1.90075
4.57894 -1.90363
4.6018 -1.85344
4.57229 -1.89847
4.55323 -1.91245
4.57288 -1.87196
4.54504 -1.90533
4.57055 -1.88328
4.57176 -1.86909
4.57169 -1.87046
4.56678 -1.87519
4.55971 -1.88284
4.55039 -1.89107
4.54234 -1.89908
4.53308 -1.90514
4.56154 -1.87629
4.5363 -1.9008
4.55794 -1.87864
4.56498 -1.87183
4.56506 -1.87372
4.56129 -1.87876
4.55598 -1.88756
4.5892 -1.86315
4.60471 -1.85774
4.61175 -1.8594
4.6089 -1.8654
4.60412 -1.87399
4.59786 -1.88334
4.59069 -1.89206
4.58212 -1.89897
4.57185 -1.90362
4.56132 -1.90805
4.55185 -1.91178
4.53962 -1.91317
4.52664 -1.91311
4.51291 -1.91255
4.50026 -1.91219
4.48715 -1.91214
4.47405 -1.91186
4.46223 -1.91228
4.44856 -1.91164
4.4352 -1.91174
4.42416 -1.91237
4.41211 -1.91242
4.39932 -1.91228
4.38727 -1.91268
4.38373 -1.92094
4.36489 -1.91313
4.35189 -1.91273
4.34694 -1.92003
4.32619 -1.90931
4.31834 -1.91421
4.29849 -1.90456
4.29211 -1.91152
4.28002 -1.90979
4.26753 -1.90863
4.25468 -1.90779
4.24351 -1.90724
4.19156 -1.93774
4.20032 -1.92256
4.19637 -1.91309
4.19256 -1.9069
4.18452 -1.90343
4.17409 -1.90147
4.16242 -1.90043
4.14966 -1.89902
4.13751 -1.89814
4.08506 -1.92739
4.09104 -1.91359
4.09374 -1.9068
4.04881 -1.93091
4.01722 -1.94121
4.03671 -1.91737
3.99731 -1.92865
3.97119 -1.93163
3.95062 -1.93203
3.97774 -1.90171
3.94503 -1.91241
3.91904 -1.91461
3.89634 -1.91395
3.88061 -1.91335
3.8672 -1.91049
3.85469 -1.90818
3.84161 -1.90606
3.82993 -1.90345
3.81728 -1.90116
3.80574 -1.89932
3.79309 -1.8973
3.78041 -1.8955
3.76905 -1.89388
3.75852 -1.89401
3.74711 -1.89315
3.73621 -1.89264
3.72462 -1.89174
3.71387 -1.89159
3.70279 -1.89131
3.6931 -1.89173
3.6831 -1.89275
3.62493 -1.91768
3.58628 -1.93255
3.56131 -1.93841
3.5959 -1.917
3.56304 -1.93084
3.53741 -1.93172
3.52852 -1.95075
3.51022 -1.94618
3.50615 -1.96164
3.49208 -1.95541
3.48532 -1.96248
3.52519 -1.94275
3.49204 -1.95724
3.46991 -1.96726
3.45162 -1.97665
3.43932 -1.9835
3.42961 -1.98841
3.41984 -1.99432
3.46102 -1.97611
3.43067 -1.99385
3.409 -2.00597
3.39239 -2.01432
3.38009 -2.02263
3.37034 -2.03014
3.36133 -2.03759
3.35448 -2.04366
3.34772 -2.05107
3.33985 -2.05694
3.3329 -2.06575
3.32621 -2.0747
3.31839 -2.08314
3.31131 -2.09168
3.30487 -2.10149
3.2985 -2.11232
3.29238 -2.12327
3.28562 -2.13326
3.27925 -2.14358
3.27245 -2.1541
3.26672 -2.16505
3.26051 -2.17592
3.25526 -2.18723
3.24934 -2.19862
3.24413 -2.21027
3.23818 -2.2218
3.23277 -2.23373
3.22781 -2.24546
3.22286 -2.25746
3.21768 -2.27004
3.21166 -2.28393
3.20782 -2.29719
3.20301 -2.30981
3.19831 -2.32278
3.19246 -2.33822
3.18726 -2.35197
3.18402 -2.36339
3.17917 -2.37693
3.17431 -2.3905
3.16949 -2.40395
3.16741 -2.41935
3.15504 -2.4189
3.15809 -2.44412
3.15519 -2.45853
3.15217 -2.4735
3.14909 -2.48882
3.14637 -2.50233
3.1433 -2.51754
3.1403 -2.53244
3.13759 -2.54586
3.13433 -2.56207
3.13178 -2.5747
3.1286 -2.59049
3.12572 -2.60478
3.12284 -2.61906
3.11991 -2.63362
3.11702 -2.64797
3.11409 -2.66253
3.11066 -2.67951
3.10789 -2.69326
3.10502 -2.70751
3.10199 -2.72254
3.09926 -2.73611
3.09632 -2.75068
3.09331 -2.76564
3.0895 -2.78453
3.08643 -2.79977
3.08364 -2.81365
3.08084 -2.82755
3.07753 -2.84395
3.07456 -2.8587
3.07157 -2.87355
3.06863 -2.88814
3.06551 -2.90363
3.06253 -2.91838
3.05973 -2.93229
3.05681 -2.94677
3.05357 -2.96287
3.05061 -2.97756
3.04742 -2.99341
3.04408 -3.00996
3.04059 -3.02727
3.03756 -3.04233
3.03381 -3.06093
3.03047 -3.07749
3.02736 -3.09294
3.02424 -3.10844
3.02109 -3.12409
3.0177 -3.1409
3.01488 -3.15489
3.01161 -3.17114
3.00865 -3.18579
3.00547 -3.2016
3.00223 -3.21766
2.99903 -3.23355
2.99563 -3.25041
2.9926 -3.26548
2.98964 -3.28016
2.98671 -3.2947
2.9834 -3.31114
3.63962 -2.72578
3.67255 -2.68947
3.69084 -2.69517
3.67966 -2.71856
3.67324 -2.73051
3.66962 -2.7383
3.66879 -2.74464
3.6833 -2.73186
3.69201 -2.72707
3.69898 -2.72759
3.71601 -2.71426
3.73148 -2.71495
3.73265 -2.71204
3.74938 -2.70128
3.76141 -2.69973
3.75973 -2.71972
3.77278 -2.71902
3.78308 -2.7226
3.77953 -2.74381
3.78012 -2.75714
3.78322 -2.76735
3.77558 -2.79079
3.77335 -2.80444
3.76307 -2.83115
3.76523 -2.84982
3.75745 -2.85395
3.76638 -2.86276
3.75063 -2.88078
3.75464 -2.89717
3.74931 -2.90336
3.74704 -2.93306
3.73956 -2.94575
3.7466 -2.9609
3.74147 -2.9614
3.75083 -2.96901
3.75297 -2.9724
3.74403 -2.99856
3.73971 -3.01409
3.73929 -3.02491
3.72878 -3.05694
3.72612 -3.07432
3.72691 -3.08595
3.72928 -3.0923
3.73212 -3.09765
3.73535 -3.10264
3.73918 -3.10727
3.72884 -3.13728
3.72543 -3.15555
3.72484 -3.16774
3.72627 -3.17531
3.71598 -3.20769
3.71095 -3.22779
3.70784 -3.2416
3.70616 -3.247
3.70644 -3.25076
3.70674 -3.25443
3.7063 -3.25806
3.69326 -3.29101
3.68619 -3.31149
3.68357 -3.32377
3.68297 -3.33352
3.68415 -3.33943
3.69454 -3.34919
3.69166 -3.35321
3.68014 -3.38914
3.67609 -3.41256
3.67628 -3.43311
3.68058 -3.44212
3.68537 -3.45308
3.69033 -3.45995
3.69511 -3.46667
3.69967 -3.47358
3.70417 -3.48109
3.7082 -3.48822
3.71235 -3.49604
3.7168 -3.5045
3.72115 -3.51294
3.72631 -3.5217
3.73012 -3.52913
3.7214 -3.57172
3.71954 -3.59988
3.71987 -3.61662
3.72272 -3.62846
3.72525 -3.63648
3.72622 -3.64224
3.72733 -3.64746
3.71676 -3.6914
3.71166 -3.71947
3.71969 -3.74063
3.70903 -3.74623
3.71851 -3.75708
3.71181 -3.76185
3.72721 -3.7732
3.71968 -3.77664
3.73523 -3.78847
3.72787 -3.79312
3.72886 -3.84719
3.72927 -3.83281
3.74081 -3.83218
3.74902 -3.83429
3.76331 -3.84282
3.75861 -3.84807
3.76516 -3.85774
3.7707 -3.86703
3.77629 -3.87689
3.78144 -3.88626
3.78644 -3.89535
3.78206 -3.94693
3.78235 -3.97901
3.78629 -3.99994
3.79245 -4.01312
3.79941 -4.02213
3.80816 -4.03384
3.81514 -4.04022
3.82269 -4.04873
3.83006 -4.05752
3.83907 -4.06785
3.84679 -4.07722
3.85434 -4.08693
3.86202 -4.09601
3.87164 -4.10704
3.88126 -4.11865
3.88988 -4.12904
3.89692 -4.13753
3.9076 -4.15042
3.91605 -4.15779
3.92628 -4.16894
3.93511 -4.17813
3.94276 -4.18651
3.95182 -4.19645
3.96353 -4.20695
3.97063 -4.21429
3.983 -4.22707
3.99236 -4.23674
3.99922 -4.24383
4.00973 -4.25469
4.0165 -4.26169
4.02828 -4.27386
4.03833 -4.28425
4.04461 -4.29073
4.05429 -4.30074
4.06476 -4.31156
4.075 -4.32214
4.08231 -4.3297
4.09399 -4.34177
4.10127 -4.34929
4.11266 -4.36106
4.12313 -4.37189
4.13106 -4.38008
4.14215 -4.39154
4.15187 -4.40158
4.15941 -4.40938
4.17284 -4.42325
4.18361 -4.43439
4.19006 -4.44105
4.20186 -4.45325
4.20972 -4.46137
4.22097 -4.47299
4.2303 -4.48264
4.24027 -4.49294
4.25016 -4.50316
4.25985 -4.51318
-nan -nan
-nan -nan
-nan -nan
-nan -nan
-nan -nan
-nan -nan
-nan -nan
-nan -nan
-nan -nan
-nan -nan
-nan -nan
-nan -nan
-nan -nan
-nan -nan
-nan -nan
-nan -nan
-nan -nan
-nan -nan
-nan -nan
-nan -nan
-nan -nan
-nan -nan
-nan -nan
-nan -nan
-nan -nan
-nan -nan
-nan -nan
-nan -nan
-nan -nan
-nan -nan
-nan -nan
-nan -nan
-nan -nan
-nan -nan
-nan -nan
-nan -nan
-nan -nan
-nan -nan
-nan -nan
-nan -nan
-nan -nan
-nan -nan
-nan -nan
-nan -nan
-nan -nan
-nan -nan
-nan -nan
-nan -nan
-nan -nan
-nan -nan
-nan -nan
-nan -nan
-nan -nan
-nan -nan
-nan -nan
-nan -nan
-nan -nan
-nan -nan
-nan -nan
-nan -nan
-nan -nan
-nan -nan
-nan -nan
-nan -nan
-nan -nan
-nan -nan
-nan -nan
-nan -nan
-nan -nan
-nan -nan
-nan -nan
-nan -nan
-nan -nan
-nan -nan
-nan -nan
-nan -nan
-nan -nan
-nan -nan
-nan -nan
-nan -nan
-nan -nan
-nan -nan
-nan -nan
-nan -nan
-nan -nan
-nan -nan
-nan -nan
-nan -nan
-nan -nan
-nan -nan
-nan -nan
-nan -nan
-nan -nan
-nan -nan
-nan -nan
-nan -nan
-nan -nan
-nan -nan
-nan -nan
-nan -nan
-nan -nan
-nan -nan
-nan -nan
-nan -nan
-nan -nan
-nan -nan
-nan -nan
-nan -nan
-nan -nan
-nan -nan
-nan -nan
-nan -nan
-nan -nan
-nan -nan
-nan -nan
-nan -nan
-nan -nan
-nan -nan
-nan -nan
-nan -nan
-nan -nan
-nan -nan
-nan -nan
-nan -nan
-nan -nan
-nan -nan
-nan -nan
-nan -nan
-nan -nan
-nan -nan
-nan -nan
-nan -nan
-nan -nan
-nan -nan
-nan -nan
-nan -nan
-nan -nan
-nan -nan
-nan -nan
-nan -nan
-nan -nan
-nan -nan
-nan -nan
-nan -nan
-nan -nan
-nan -nan
-nan -nan
-nan -nan
-nan -nan
-nan -nan
-nan -nan
-nan -nan
-nan -nan
-nan -nan
-nan -nan
-nan -nan
-nan -nan
-nan -nan
-nan -nan
-nan -nan
-nan -nan
-nan -nan
-nan -nan
-nan -nan
-nan -nan
-nan -nan
-nan -nan
-nan -nan
-nan -nan
-nan -nan
-nan -nan
-nan -nan
-nan -nan
-nan -nan
-nan -nan
-nan -nan
-nan -nan
-nan -nan
-nan -nan
-nan -nan
-nan -nan
-nan -nan
-nan -nan
-nan -nan
-nan -nan
-nan -nan
-nan -nan
-nan -nan
-nan -nan
-nan -nan
-nan -nan
-nan -nan
-nan -nan
-nan -nan
-nan -nan
-nan -nan
-nan -nan
-nan -nan
-nan -nan
-nan -nan
-nan -nan
-nan -nan
-nan -nan
-nan -nan
-nan -nan
-nan -nan
-nan -nan
-nan -nan
-nan -nan
-nan -nan
-nan -nan
-nan -nan
-nan -nan
-nan -nan
-nan -nan
-nan -nan
-nan -nan
-nan -nan
-nan -nan
-nan -nan
-nan -nan
-nan -nan
-nan -nan
-nan -nan
-nan -nan
-nan -nan
-nan -nan
-nan -nan
-nan -nan
-nan -nan
-nan -nan
-nan -nan
-nan -nan
-nan -nan
-nan -nan
-nan -nan
-nan -nan
-nan -nan
-nan -nan
-nan -nan
-nan -nan
-nan -nan
-nan -nan
-nan -nan
-nan -nan
-nan -nan
-nan -nan
-nan -nan
-nan -nan
-nan -nan
-nan -nan
-nan -nan
-nan -nan
-nan -nan
-nan -nan
-nan -nan
-nan -nan
-nan -nan
-nan -nan
-nan -nan
-nan -nan
-nan -nan
-nan -nan
-nan -nan
-nan -nan
-nan -nan
-nan -nan
-nan -nan
-nan -nan
-nan -nan
-nan -nan
-nan -nan
-nan -nan
-nan -nan
-nan -nan
-nan -nan
-nan -nan
-nan -nan
-nan -nan
-nan -nan
-nan -nan
-nan -nan
-nan -nan
-nan -nan
-nan -nan
-nan -nan
-nan -nan
-nan -nan
-nan -nan
-nan -nan
-nan -nan
-nan -nan
-nan -nan
-nan -nan
-nan -nan
-nan -nan
-nan -nan
-nan -nan
-nan -nan
-nan -nan
-nan -nan
-nan -nan
-nan -nan
-nan -nan
-nan -nan
-nan -nan
-nan -nan
-nan -nan
-nan -nan
-nan -nan
-nan -nan
-nan -nan
-nan -nan
-nan -nan
-nan -nan
-nan -nan
-nan -nan
-nan -nan
-nan -nan
-nan -nan
-nan -nan
-nan -nan
-nan -nan
-nan -nan
-nan -nan
-nan -nan
-nan -nan
-nan -nan
-nan -nan
-nan -nan
-nan -nan
-nan -nan
-nan -nan
-nan -nan
-nan -nan
-nan -nan
-nan -nan
-nan -nan
-nan -nan
-nan -nan
-nan -nan
-nan -nan
-nan -nan
-nan -nan
-nan -nan
-nan -nan
-nan -nan
-nan -nan
-nan -nan
-nan -nan
-nan -nan
-nan -nan
-nan -nan
-nan -nan
-nan -nan
-nan -nan
-nan -nan
-nan -nan
-nan -nan
-nan -nan
-nan -nan
-nan -nan
-nan -nan
-nan -nan
-nan -nan
-nan -nan
-nan -nan
-nan -nan
-nan -nan
-nan -nan
-nan -nan
-nan -nan
-nan -nan
-nan -nan
-nan -nan
-nan -nan
-nan -nan
-nan -nan
-nan -nan
-nan -nan
-nan -nan
-nan -nan
-nan -nan
-nan -nan
-nan -nan
-nan -nan
-nan -nan
-nan -nan
-nan -nan
-nan -nan
-nan -nan
-nan -nan
-nan -nan
-nan -nan
-nan -nan
-nan -nan
-nan -nan
-nan -nan
-nan -nan
-nan -nan
-nan -nan
-nan -nan
-nan -nan
-nan -nan
-nan -nan
-nan -nan
-nan -nan
-nan -nan
-nan -nan
-nan -nan
-nan -nan
-nan -nan
-nan -nan
-nan -nan
-nan -nan
-nan -nan
-nan -nan
-nan -nan
-nan -nan
-nan -nan
-nan -nan
-nan -nan
-nan -nan
-nan -nan
-nan -nan
-nan -nan
-nan -nan
-nan -nan
-nan -nan
-nan -nan
-nan -nan
-nan -nan
-nan -nan
-nan -nan
-nan -nan
3.84613 0.00355466
3.84618 0.00355451
3.85376 0.00355393
3.67751 0.00561108
3.60575 0.00652038
3.58175 0.00690086
3.58395 0.00698544
3.59553 0.00697675
3.61377 0.0068923
3.63278 0.00679739
3.64998 0.00671946
3.66506 0.00666349
3.67839 0.0066244
3.69066 0.0065984
3.70135 0.00658424
3.71153 0.00657853
3.72171 0.00657695
3.73184 0.00657804
3.74193 0.00658028
3.7515 0.00658298
3.76107 0.0140815
3.63523 0.023601
3.56891 0.0315695
3.54082 0.0322875
3.54042 0.0175169
3.55081 0.015797
3.56876 0.0105764
3.72443 -0.00487354
3.68367 -0.00934259
3.79873 -0.0146605
3.73092 -0.0215489
3.57573 -0.0253942
3.49373 -0.0303837
3.46217 -0.0358169
3.45783 -0.0484713
3.4692 -0.0566995
3.61272 -0.0627863
3.58152 -0.0642286
3.56581 -0.0735223
3.56026 -0.0877243
3.4573 -0.0838843
3.51091 -0.082736
3.55309 -0.0829371
3.47647 -0.0807642
3.54616 -0.0810127
3.4872 -0.079376
3.56541 -0.0799953
3.51192 -0.0785943
3.48495 -0.0796829
3.47741 -0.0788609
3.48099 -0.0800303
3.47484 -0.0802632
3.5021 -0.0856591
3.41535 -0.0854942
3.47358 -0.0864571
3.42006 -0.0849586
3.49106 -0.0846537
3.44326 -0.0835661
3.51675 -0.0834727
3.46874 -0.0824979
3.44479 -0.0832535
3.43807 -0.0820397
3.44072 -0.0826125
3.44925 -0.0842918
3.46089 -0.0835356
3.47315 -0.0840456
3.48603 -0.0826154
3.49681 -0.0893164
3.41946 -0.0928824
3.46445 -0.0934855
3.49611 -0.0935755
3.51907 -0.0843706
3.45279 -0.0714818
3.42194 -0.0580119
3.41493 -0.0463555
3.42389 -0.0475596
3.43819 -0.0594428
3.37806 -0.059874
3.43449 -0.0520766
3.40404 -0.0435173
3.33032 -0.0347666
3.31112 -0.0222619
3.26303 -0.00942015
3.14677 -0.0117414
3.08967 -0.00645884
3.03034 -0.000971443
2.97127 0.00449317
2.92266 0.00898941
2.86696 0.0141417
2.80617 0.0197646
2.75351 0.0246363
2.70089 0.0295034
2.64614 0.034568
2.60043 0.0387965
2.5516 0.0433135
2.5005 0.0480403
2.44721 0.0529691
2.39725 0.0575907
2.3449 0.0624332
2.29743 0.0668242
2.25151 0.0710716
2.20073 0.0757695
2.1512 0.0803507
2.10246 0.084859
2.05935 0.0888465
2.01307 0.093128
3.24329 -0.155519
3.17007 -0.160677
3.2601 -0.16197
3.2938 -0.16191
3.3045 -0.153818
3.3034 -0.148598
3.29769 -0.144343
3.35478 -0.138564
3.32095 -0.128405
3.36292 -0.123956
3.38376 -0.120674
3.4644 -0.114662
3.43726 -0.110564
3.41933 -0.0989877
3.47829 -0.0925486
3.44339 -0.082387
3.42361 -0.079615
3.41484 -0.077718
3.41368 -0.0745195
3.41765 -0.0639399
3.42459 -0.0600475
3.43309 -0.0495861
3.44231 -0.0465279
3.45138 -0.0432068
3.46015 -0.0407544
3.53825 -0.032755
3.51607 -0.0305527
3.50454 -0.02843
3.50067 -0.0186471
3.50304 -0.00688023
3.50995 -0.00564779
3.51884 0.00111141
3.5293 -0.00106767
3.478 -0.00817781
3.45327 -0.0114897
3.44531 -0.0110501
3.44865 -0.00942007
3.45787 -0.00598261
3.4695 -0.00157369
3.42546 -0.00255406
3.40542 0.0036187
3.40049 0.00479474
3.40576 0.00606085
3.41578 0.00872319
3.42842 0.00644124
3.44084 0.0102109
3.4534 0.0138191
3.46519 0.0171152
3.47607 0.0201149
3.4356 0.0183084
3.41681 0.019522
3.41063 0.0217612
3.41582 0.0243366
3.42526 0.0272893
3.38995 0.0257863
3.3751 0.0263883
3.37172 0.0334581
3.37718 0.0346715
3.38717 0.0355154
3.39905 0.035921
3.41108 0.0372157
3.42251 0.0394409
3.43348 0.0420701
3.40042 0.0395287
3.38573 0.0392003
3.38177 0.0392
3.38585 0.0398608
3.39421 0.0417652
3.3637 0.03932
3.35187 0.0372875
3.34996 0.0370749
3.35629 0.0332483
3.36557 0.0363899
3.37627 0.040336
3.34877 0.0397471
3.33695 0.0449485
3.33528 0.0433999
3.34086 0.0418279
3.34855 0.0461949
3.35736 0.0486414
3.33071 0.0468629
3.31912 0.0469612
3.31667 0.0458982
3.32072 0.0464961
3.32792 0.0462679
3.33629 0.0471012
3.311 0.0451928
3.30017 0.0453656
3.3317 0.0487252
3.32034 0.0477741
3.31802 0.0485458
3.31819 0.0536062
3.32032 0.0589517
3.32341 0.0615744
3.32702 0.0624728
3.33134 0.0607646
3.33555 0.0591391
3.34099 0.052573
3.34556 0.0524689
3.31902 0.0490919
3.30571 0.0474712
3.33217 0.048463
3.31936 0.0447024
3.31611 0.03877
3.31581 0.0378714
3.31871 0.0372114
3.32316 0.0363717
3.3281 0.0364048
3.33358 0.0348932
3.33885 0.0343778
3.34409 0.0343003
3.31965 0.0314697
3.33734 0.0312917
3.32021 0.0300187
3.31373 0.0284963
3.31284 0.0237872
3.34447 0.0256032
3.33649 0.0241788
3.33423 0.0239693
3.33461 0.0223871
3.33726 0.0215551
3.34107 0.021939
3.34554 0.0206966
3.35024 0.0203888
3.32822 0.0187749
3.31749 0.0172686
3.31346 0.0165626
3.3143 0.0161803
3.3179 0.016651
3.32263 0.0171478
3.32768 0.0175743
3.33294 0.016339
3.33783 0.0157228
3.34233 0.015527
3.32141 0.0143003
3.31091 0.0137322
3.33241 0.0147065
3.32208 0.0132235
3.31886 0.0126987
3.31829 0.0121423
3.32041 0.0104341
3.32388 0.0099031
3.32821 0.00841761
3.30884 0.00900325
3.32291 0.00997471
3.30921 0.00791389
3.30405 0.00643785
3.30283 0.00569651
3.30464 0.00563829
3.30796 0.00607349
3.3119 0.00663285
3.31599 0.00719941
3.29716 0.00652967
3.28806 0.00634766
3.30751 0.00758292
3.29794 0.00875609
3.29476 0.00968206
3.29425 0.00973437
3.29584 0.00975889
3.29862 0.00987886
3.30189 0.00997634
3.30523 0.0102977
3.30874 0.0105378
3.31195 0.010815
3.31536 0.00944827
3.31834 0.0106335
3.32127 0.00988267
3.32418 0.00960744
3.30569 0.00854865
3.29627 0.00742878
3.29283 0.00701032
3.29268 0.00698017
3.29473 0.00720826
3.29773 0.00826446
3.30117 0.00847512
3.30459 0.00872194
3.30775 0.00898963
3.2906 0.00824835
3.28189 0.00795329
3.27814 0.00786208
3.29801 0.00898838
3.2912 0.00875695
3.28891 0.00867587
3.28813 0.00902891
3.30938 0.01017
3.30252 0.00931841
3.29959 0.0103871
3.29838 0.00938847
3.29884 0.00890005
3.30032 0.00877479
3.30237 0.00886437
3.3047 0.00885587
3.30703 0.00922363
3.3094 0.00969323
3.31182 0.0101116
3.29509 0.00883052
3.28624 0.00829778
3.28251 0.00798294
3.28208 0.0079675
3.28336 0.00810673
3.28571 0.00834567
3.28838 0.00861464
3.29099 0.00900007
3.2934 0.00932043
3.29572 0.00892606
3.29787 0.00945647
3.29981 0.00822905
3.28353 0.00690572
3.27515 0.00630994
3.27111 0.00607409
3.28817 0.00694811
3.28155 0.00752659
3.2789 0.00921253
3.27761 0.0103242
3.27791 0.0110451
3.27905 0.011491
3.28069 0.0117232
3.28249 0.011839
3.28433 0.0118251
3.28608 0.0117381
3.2879 0.0105711
3.28966 0.00984991
3.29122 0.00958441
3.29328 0.00971109
3.29089 0.00975304
3.29651 0.0102081
3.29773 0.0100709
3.29901 0.0104872
3.30035 0.0107709
3.3018 0.0110088
3.30332 0.0112189
3.28758 0.0105536
3.29629 0.0110664
3.28476 0.0105497
3.27961 0.0103914
3.27728 0.0103297
3.27665 0.0103844
3.27831 0.0105259
3.28008 0.0106762
3.2819 0.010191
3.28364 0.00998698
3.28523 0.0100681
3.28666 0.0102113
3.28801 0.0103745
3.28933 0.010545
3.29052 0.0107068
3.29175 0.0108497
3.27669 0.0102047
3.26847 0.00988763
3.26413 0.00971951
3.26294 0.00970546
3.26348 0.00978324
3.26484 0.00990301
3.26641 0.0100357
3.28425 0.0109436
3.27656 0.0106792
3.29231 0.0114985
3.28112 0.0111188
3.27802 0.0109292
3.27609 0.0106448
3.27516 0.010632
3.2757 0.0109418
3.27676 0.0112328
3.27791 0.0114558
3.27909 0.0114307
3.28031 0.0108402
3.28131 0.011803
3.28232 0.0110164
3.28327 0.0106016
3.28421 0.0104296
3.28516 0.010409
3.28604 0.0104876
3.28704 0.0106018
3.28792 0.0107399
3.28875 0.0108718
3.28968 0.0111089
3.29054 0.0112852
3.29141 0.0114227
3.2923 0.0115391
3.2932 0.011644
3.2941 0.0117418
3.27962 0.0105152
3.27158 0.00994275
3.26736 0.00953922
3.26592 0.0093949
3.26622 0.0094101
3.26716 0.00949364
3.26845 0.00961377
3.26976 0.00973968
3.27094 0.00985637
3.27195 0.00996095
3.27286 0.0100554
3.2736 0.0101357
3.27431 0.0102127
3.27495 0.0102843
3.27558 0.0103546
3.27626 0.00982423
3.27678 0.0107467
3.27739 0.0099737
3.27809 0.00873232
3.27875 0.00835272
3.2794 0.00823673
3.27999 0.00829356
3.28059 0.00840219
3.28123 0.00852624
3.28184 0.00865118
3.28246 0.00876535
3.28309 0.00886731
3.26879 0.00830493
3.27579 0.00866345
3.26517 0.00820752
3.25998 0.00802893
3.25741 0.00792415
3.25669 0.00790796
3.25688 0.00793688
3.25766 0.00799244
3.25854 0.00805314
3.25937 0.00811437
3.26011 0.00816992
3.26073 0.00821929
3.26125 0.00826471
3.26171 0.00830778
3.26211 0.00834701
3.26248 0.00838713
3.26284 0.00842625
3.26321 0.00846745
3.26357 0.00850739
3.2639 0.008549
3.26427 0.00859279
3.26463 0.00863458
3.26498 0.00867323
3.26539 0.008222
3.26566 0.00916288
3.26602 0.00839541
3.26638 0.00794565
3.26673 0.00773533
3.26709 0.00766461
3.26746 0.00767806
3.26781 0.00782795
3.26817 0.00795163
3.26852 0.00804637
3.26887 0.00811977
3.26923 0.00817701
3.26959 0.00822653
3.26996 0.00826978
3.27033 0.00831095
3.27069 0.00834745
3.27105 0.00838487
3.2714 0.00841814
3.27178 0.00845578
3.27214 0.00849271
3.27251 0.00842941
3.27287 0.00840694
3.27323 0.0084147
3.27358 0.00844261
3.27403 0.00788862
3.27444 0.00757934
3.27482 0.00735983
3.27518 0.00729254
3.27553 0.00730411
3.2759 0.00734974
3.27625 0.00741534
3.27668 0.0068882
3.27695 0.00779198
3.2773 0.00702489
3.27767 0.00657627
3.27801 0.00638306
3.27837 0.00631281
3.27874 0.00632439
3.27911 0.006375
3.27948 0.00644364
3.27983 0.00651392
3.28021 0.00658436
3.28059 0.00665099
3.28094 0.00670191
3.28127 0.00674381
3.28162 0.00677739
3.28197 0.00681049
3.28233 0.00684668
3.28274 0.00668991
3.28308 0.00691185
3.28343 0.0070622
3.28377 0.00715026
3.28416 0.0072173
3.28453 0.00726349
3.28488 0.00729472
3.28523 0.00732433
3.28557 0.00735495
3.28593 0.00738901
3.28631 0.00742521
3.28667 0.00746032
3.28703 0.00749668
3.27307 0.0069494
3.27959 0.00723856
3.26936 0.00622632
3.2642 0.00513274
3.27558 0.00625568
3.26844 0.00566894
3.26497 0.00482979
3.26284 0.00433414
3.26207 0.00412713
3.26193 0.00406328
3.26215 0.00408181
3.26248 0.00412943
3.26288 0.00419361
3.26323 0.00425404
3.2635 0.00429906
3.26373 0.0043347
3.2639 0.00435796
3.26404 0.00437503
3.26416 0.00438894
3.26428 0.00440141
3.26438 0.00441567
3.26449 0.00443111
3.26459 0.00444622
3.26469 0.00446019
3.2648 0.00447279
3.26491 0.00448417
3.26501 0.0044945
3.26513 0.0045059
3.26524 0.00451746
3.26535 0.00452903
3.26546 0.00454082
3.26557 0.0045532
3.26568 0.00456455
3.26579 0.00457556
3.2659 0.004588
3.26601 0.00460104
3.26612 0.00461418
3.26623 0.00462755
3.26634 0.00464053
3.26651 0.00407705
3.26665 0.00375704
3.26678 0.00359397
3.26689 0.00354787
3.26701 0.00354711
3.26711 0.00357688
3.26722 0.00361351
3.26733 0.00365014
3.26744 0.00368167
3.26754 0.00370641
3.26765 0.00372568
3.26776 0.00374163
3.26787 0.00374994
3.26798 0.00375637
3.26809 0.00376255
3.2682 0.00376912
3.26831 0.00378165
3.26842 0.00379709
3.26852 0.00381177
3.26864 0.00382524
3.26875 0.0038372
3.26886 0.00384792
3.26897 0.00385887
3.26908 0.00386996
3.26918 0.0038815
3.26929 0.00389226
3.26941 0.00390264
3.26951 0.00391312
3.26962 0.00392452
3.26974 0.00393649
3.26984 0.00394827
3.26995 0.00395654
3.27007 0.00396609
3.27018 0.00397581
3.27029 0.00398725
3.27039 0.00399793
3.27051 0.00400971
3.27061 0.00402135
3.27073 0.00403312
3.27084 0.00404501
3.27095 0.00405696
3.27105 0.00406825
3.27116 0.00407842
3.27128 0.00409056
3.27139 0.00410283
3.2715 0.00411478
3.27161 0.00412664
3.27171 0.00413635
3.27182 0.00414637
3.27193 0.00415788
3.27204 0.0041686
3.27215 0.00418005
3.27226 0.00419009
3.27237 0.00420042
3.27249 0.00421282
3.2726 0.00422483
3.27271 0.00423643
3.27284 0.00405283
3.27295 0.00395677
3.27304 0.00420073
3.27313 0.00435425
3.27324 0.00444909
3.27334 0.00449627
3.27345 0.00452002
3.27356 0.00453003
3.27367 0.00453324
3.27378 0.00453385
3.27389 0.00453684
3.274 0.00454206
3.27411 0.00454974
3.27422 0.00455978
3.27433 0.00457004
3.27445 0.00458047
3.27455 0.00459069
3.27467 0.0046033
3.27477 0.00461449
3.27488 0.00462664
3.27499 0.00463768
3.2751 0.00464941
3.27521 0.0046611
3.2618 0.00368725
3.25394 0.00425755
3.26365 0.00434026
3.25645 0.00340676
3.25231 0.00286083
3.25044 0.00260465
3.24977 0.00250618
3.24982 0.00250385
3.26364 0.00236071
3.25826 0.00247228
3.25473 0.00256731
3.26618 0.00246362
3.27297 0.0024057
3.27651 0.00238506
3.27793 0.0023888
3.27822 0.0024052
3.27802 0.00242364
3.27763 0.00243996
3.27731 0.00245486
3.26349 0.00235773
3.25547 0.00258392
3.25093 0.0027252
3.2497 0.00278908
3.2495 0.00281517
3.26363 0.00380396
3.27197 0.00435449
3.27636 0.00461866
3.2785 0.00472944
3.27906 0.00473678
3.26542 0.00419729
3.25725 0.00386618
3.25291 0.0036821
3.25087 0.00358987
3.25034 0.00298385
3.25065 0.00266137
3.25117 0.00251287
3.25173 0.00247606
3.25217 0.00248965
3.25248 0.00251808
3.25268 0.00255331
3.25279 0.00258117
3.25285 0.00260293
3.25288 0.00261678
3.25288 0.00262455
3.25287 0.00262662
3.25286 0.0026252
3.25286 0.00262163
3.25285 0.00261913
3.25284 0.00261768
3.25284 0.00261743
3.25283 0.00261781
3.25283 0.00261904
3.25283 0.00262025
3.25283 0.00262137
3.25286 0.0023379
3.25287 0.00218101
3.25288 0.00210107
3.25291 0.00178948
3.25293 0.00162345
3.25293 0.00155399
3.25294 0.00153318
3.25293 0.00154242
3.25293 0.00156313
3.25293 0.00158471
3.25293 0.00160032
3.84613 0.00355466
3.84618 0.0035545
3.8542 0.00355406
3.86382 0.0035548
3.87436 0.00355692
3.88441 0.00353841
3.7355 0.00338296
3.65787 0.00329787
3.62675 0.00325488
3.62324 0.00323731
3.63142 0.00324971
3.64552 0.00326074
3.66223 0.0032718
3.6785 0.00328004
3.69401 0.00329018
3.70779 0.00329907
3.71824 0.00330382
3.73063 0.00577414
3.59718 0.00440412
3.53646 0.00368474
3.51124 0.011985
3.5093 0.0227794
3.51902 0.0317608
3.53389 0.0330732
3.55068 0.0209637
3.56778 0.0172351
3.58456 0.00993885
3.59988 -0.00451535
3.61475 -0.0101397
3.62927 -0.0156893
3.64405 -0.0215133
3.53939 -0.0281504
3.6047 -0.0336742
3.65386 -0.0397187
3.68965 -0.0531641
3.71489 -0.0611843
3.61549 -0.0641448
3.68228 -0.0675976
3.60931 -0.0778334
3.57141 -0.0903034
3.55872 -0.0906735
3.56143 -0.0877297
3.57126 -0.087222
3.47854 -0.0844906
3.54062 -0.0844887
3.48086 -0.0826838
3.55764 -0.0866164
3.506 -0.0833544
3.48126 -0.0832295
3.47451 -0.0817063
3.4789 -0.0825267
3.49054 -0.0818574
3.50362 -0.0864584
3.51731 -0.0868801
3.52983 -0.0882028
3.54196 -0.0869382
3.55362 -0.0870897
3.47076 -0.0859363
3.42719 -0.0837964
3.41066 -0.0838654
3.41062 -0.0852912
3.42002 -0.0844684
3.43358 -0.0852685
3.44848 -0.0840326
3.46251 -0.0845828
3.47653 -0.0829521
3.48846 -0.0833257
3.4983 -0.0910679
3.42188 -0.095647
3.46496 -0.0970244
3.49565 -0.0973249
3.51884 -0.0883873
3.53735 -0.0759421
3.55439 -0.0613443
3.48735 -0.0477675
3.45539 -0.0500207
3.44623 -0.0615401
3.37442 -0.0637571
3.34809 -0.0568247
3.34996 -0.0476884
3.37113 -0.0363594
3.33461 -0.0269839
3.2724 -0.0163165
3.26251 -0.0159502
3.22153 -0.0236354
3.19218 -0.0222761
3.16459 -0.0209984
3.13666 -0.0197047
3.10827 -0.0183894
3.07906 -0.0170367
3.053 -0.0158297
3.0274 -0.0146436
2.99839 -0.0133004
3.17116 -0.133226
3.16487 -0.135103
3.21334 -0.141907
3.23272 -0.147032
3.29991 -0.139728
3.32778 -0.13785
3.33755 -0.134817
3.33541 -0.126087
3.39444 -0.121335
3.3599 -0.117489
3.39894 -0.113448
3.41838 -0.106984
3.42893 -0.0937952
3.43488 -0.0786327
3.43821 -0.0749747
3.44015 -0.0735683
3.44224 -0.0719459
3.4453 -0.0670099
3.44913 -0.061721
3.52425 -0.0448326
3.49922 -0.0398769
3.48575 -0.0288895
3.48146 -0.0250899
3.48335 -0.022292
3.42652 -0.0287041
3.46112 -0.020413
3.48712 -0.013887
3.5066 -0.000906283
3.45892 -0.0015339
3.43593 -0.00115886
3.42846 0.0064558
3.43173 0.0104563
3.44048 0.0136104
3.45212 0.0159648
3.46444 0.0181887
3.41908 0.014966
3.39833 0.0212283
3.39262 0.0226448
3.39747 0.0244452
3.40776 0.0262433
3.41981 0.0278815
3.43302 0.0254096
3.44545 0.0296408
3.45729 0.0336548
3.46833 0.0373179
3.42633 0.0352582
3.40807 0.0343039
3.40349 0.0354261
3.40846 0.03784
3.41852 0.0409198
3.38218 0.0391602
3.36717 0.0451214
3.36484 0.0464562
3.3704 0.0485207
3.38069 0.0499927
3.39249 0.0520378
3.40438 0.05395
3.37153 0.0510404
3.40232 0.0546286
3.37991 0.0518804
3.37273 0.0509506
3.37349 0.0507687
3.37967 0.0525605
3.38863 0.0552783
3.35722 0.0527162
3.34427 0.0538464
3.34198 0.05488
3.34732 0.0571874
3.31725 0.0548752
3.30687 0.0501336
3.3454 0.0574004
3.37348 0.0616067
3.35563 0.0607313
3.34931 0.0620676
3.31232 0.0630908
3.29597 0.0633296
3.32746 0.0675773
3.3152 0.0660559
3.31255 0.0687072
3.31496 0.0690636
3.32048 0.0703208
3.32812 0.0707156
3.33612 0.0721062
3.30986 0.0698114
3.29867 0.0694973
3.29666 0.0685498
3.29985 0.0691674
3.27471 0.0666406
3.26426 0.0665083
3.29424 0.0699598
3.31634 0.0714529
3.29905 0.0748031
3.28921 0.0810493
3.3163 0.0870726
3.30215 0.0817814
3.29572 0.0818946
3.29332 0.0803776
3.29415 0.0783853
3.29666 0.0770281
3.30147 0.0710086
3.30588 0.0712753
3.31054 0.0701205
3.31495 0.0696376
3.31916 0.0695279
3.32363 0.0679922
3.32793 0.0672179
3.33286 0.0617503
3.33723 0.0624816
3.31286 0.0599517
3.30072 0.0588245
3.29616 0.0583841
3.32617 0.0600768
3.31716 0.0580781
3.3147 0.0571214
3.3149 0.0556776
3.31748 0.054172
3.32127 0.0535152
3.32557 0.0533528
3.33093 0.0485683
3.33582 0.0493625
3.34061 0.0503506
3.31759 0.049037
3.30674 0.0486081
3.30319 0.04774
3.30405 0.0474514
3.30764 0.0477188
3.31234 0.0481061
3.31754 0.0477557
3.29702 0.0449648
3.3127 0.0471797
3.29843 0.0443843
3.31869 0.0440391
3.30631 0.042348
3.3016 0.0425158
3.30031 0.0425968
3.30201 0.0428284
3.30535 0.0421997
3.30949 0.041184
3.31369 0.0408966
3.31797 0.0407398
3.3219 0.0409471
3.3258 0.0396193
3.32977 0.039179
3.30926 0.0376152
3.29957 0.0363405
3.29596 0.0359041
3.29657 0.0360316
3.29953 0.0365838
3.30351 0.0372022
3.30787 0.0378324
3.28873 0.0368224
3.30342 0.0380886
3.28998 0.0367154
3.30768 0.0399714
3.29596 0.0403847
3.29146 0.0405892
3.29032 0.0400938
3.29162 0.0399795
3.29436 0.0399716
3.29766 0.0401694
3.30109 0.0404875
3.30447 0.0408668
3.28635 0.0391852
3.29897 0.0391594
3.28588 0.038673
3.28053 0.0387401
3.27889 0.0389524
3.28005 0.0391706
3.2826 0.0394924
3.28575 0.0398647
3.28906 0.0395089
3.29221 0.0395997
3.29511 0.0398339
3.29813 0.0394276
