1.7749999761581 0.099999979138374
1.774111866951 0.10006680339575
1.7743736505508 0.10005362331867
1.7743231058121 0.10005351155996
1.7742919921875 0.10005145519972
1.7742747068405 0.10005562007427
1.7742524147034 0.10005323588848
1.774276971817 0.10005153715611
1.7741823196411 0.10005876421928
1.7742512226105 0.10005927830935
1.7742249965668 0.10005929321051
1.7742607593536 0.10005284100771
1.7742589712143 0.10005528479815
1.7742516994476 0.10005126148462
1.774286031723 0.10005190223455
1.7742536067963 0.10005789250135
1.7742495536804 0.10005995631218
1.7742302417755 0.10005851089954
1.7742291688919 0.10006082057953
1.7742414474487 0.10005509853363
1.7742048501968 0.10006029903889
1.7742676734924 0.1000619828701
1.7742178440094 0.10006392002106
1.7742050886154 0.10006599128246
1.7742433547974 0.100057259202
1.774221777916 0.10007128864527
1.7742329835892 0.10006287693977
1.7742550373077 0.10005351901054
1.774122595787 0.10005385428667
1.7742078304291 0.1000562235713
1.774193406105 0.10005894303322
1.7742303609848 0.10005357861519
1.774139881134 0.1000532656908
1.7741131782532 0.10005907714367
1.7741935253143 0.10006010532379
1.7741588354111 0.10005705803633
1.7741591930389 0.10005857795477
1.7740857601166 0.10005931556225
1.7740550041199 0.10006203502417
1.7741913795471 0.10006397217512
